0.000000000000000000e+00
0.000000000000000000e+00
3.315979706204198010e+02
3.314990386527879309e+02
3.394202701785350769e+02
3.512222534419781255e+02
3.651634106262552564e+02
3.803149007378108877e+02
3.962907188713640494e+02
4.130695196001486806e+02
4.301630317890480910e+02
4.470272686633884973e+02
4.638649225345579907e+02
4.807923457858551046e+02
4.979087831109340527e+02
5.153842189352161540e+02
5.333617792948957685e+02
5.517545795630103385e+02
5.704831992697814940e+02
5.894836123555764971e+02
6.087909411907951380e+02
6.282196255811031733e+02
6.475425759243670427e+02
6.668889629876625804e+02
6.864360241625480512e+02
7.062146892655367765e+02
7.262164124909222664e+02
7.464357692020601007e+02
7.669299792928906072e+02
7.878358150161507183e+02
8.091269520187717035e+02
8.306337735692334263e+02
8.521516829995738362e+02
8.736676568233444868e+02
8.954154727793695656e+02
9.173470323823501076e+02
9.393199323689649418e+02
9.614460148062686358e+02
9.838646202282566264e+02
1.006441223832528067e+03
1.029325483010982907e+03
1.052487554334669994e+03
1.075905105169724038e+03
1.099541491198170434e+03
1.123355688111526888e+03
1.147288956196507570e+03
1.171316794340197248e+03
1.195442971393049675e+03
1.219690686441918160e+03
1.244137004366921019e+03
1.268810109878955245e+03
1.293761482133154004e+03
1.318965403537465363e+03
1.344393208125512501e+03
1.369975614434063118e+03
1.395653933650612089e+03
1.421383290218040202e+03
1.447178002894356041e+03
1.473057773325869903e+03
1.499048104453672067e+03
1.525203996034469583e+03
1.551566306186094835e+03
1.578133383833601783e+03
1.604904588422218467e+03
1.631880415803130063e+03
1.659062629614267962e+03
1.686454398273070638e+03
1.714031058242775543e+03
1.741796140179753365e+03
1.769723569178494245e+03
1.797817449616165959e+03
1.826050435513028788e+03
1.854393057152394249e+03
1.882849127299429483e+03
1.911388050001911324e+03
1.939977108270122471e+03
1.968620194105951441e+03
1.997323586394231597e+03
2.026178222636463033e+03
2.055160508035677594e+03
2.084418968212610707e+03
2.113896757282374892e+03
2.143668674569658378e+03
2.173582280957245530e+03
2.203613926840017939e+03
2.233688489803212178e+03
2.263775071308914903e+03
2.293841036816148517e+03
2.323960027887520482e+03
2.354159800367248863e+03
2.384472316276408037e+03
2.414992272024729573e+03
2.445705341420465629e+03
2.476534832462418308e+03
2.507585445974071718e+03
2.538779862398131627e+03
2.570165518659401641e+03
2.601727547091268661e+03
2.633380734186549034e+03
2.665245202558635356e+03
