0.000000000000000000e+00
0.000000000000000000e+00
1.955760693121589348e+07
1.610928539210000448e+07
1.399188470687001385e+07
1.256013163017948344e+07
1.153163126455868408e+07
1.075708353951076791e+07
1.015383053256841190e+07
9.671179883945841342e+06
9.279020135473692790e+06
8.952551477170994505e+06
8.679802100512109697e+06
8.449514152936205268e+06
8.253549026081212796e+06
8.084727948904518969e+06
7.939028262940618210e+06
7.813110399249941111e+06
7.702973347712215967e+06
7.607455306200074963e+06
7.525020693806907162e+06
7.453230975627935492e+06
7.390436774813391268e+06
7.336218912772357464e+06
7.289161017566877417e+06
7.249528780629256740e+06
7.215527815859731287e+06
7.187005893344833516e+06
7.163323782234956510e+06
7.144388083160676993e+06
7.129108148570614867e+06
7.118451025056947954e+06
7.110352673492604867e+06
7.105805443046967499e+06
7.104290991759020835e+06
7.105300554213442840e+06
7.109341674960899167e+06
7.115411982353777625e+06
7.124029351000924595e+06
7.134703196347033605e+06
7.146941109205262735e+06
7.161271841879115440e+06
7.177720356014930643e+06
7.195279896387969144e+06
7.215007215007214807e+06
7.235890014471779577e+06
7.258474268708718009e+06
7.282260413632391952e+06
7.307270734380706213e+06
7.333528894103843719e+06
7.361059992638939060e+06
7.389890629618681967e+06
7.419498441905327141e+06
7.450454477723141201e+06
7.482229704451925121e+06
7.515406583496168256e+06
7.549448890231013298e+06
7.583801001061731949e+06
7.619628162145687267e+06
7.656381594058648683e+06
7.693491306354824454e+06
7.731560228854183108e+06
7.770611547128759325e+06
7.810059356451109052e+06
7.850525985241010785e+06
7.892036934732855298e+06
7.933989209774673916e+06
7.976389885937625542e+06
8.019889325527309440e+06
8.063865817272800021e+06
8.108327252087891102e+06
8.153946510110895149e+06
8.199409642505742610e+06
8.246062505153788254e+06
8.293249295073809102e+06
8.340979230961713940e+06
8.389261744966443628e+06
8.438106488903889433e+06
8.486803021301874891e+06
8.536793580331226811e+06
8.587376556461999193e+06
8.638562543192813173e+06
8.689607229753218591e+06
8.741258741258742288e+06
8.794301292762290686e+06
8.847208705653367564e+06
8.899964400142397732e+06
8.954154727793697268e+06
9.008197459688313305e+06
9.063717937097797170e+06
9.119095385737735778e+06
9.174311926605504006e+06
9.230201218386560678e+06
9.286775631500741467e+06
9.344047841524949297e+06
9.401146939926670864e+06
9.458948164964055642e+06
9.517464547444559634e+06
9.575792396820841357e+06
9.634839579920994118e+06
