0.000000000000000000e+00
0.000000000000000000e+00
9.657170449058425504e-04
1.019773406349109169e-03
1.077830112417680957e-03
1.126392502731501759e-03
1.162669023009220036e-03
1.187422817516861542e-03
1.203383915570584552e-03
1.210521855972109592e-03
1.212591550662075026e-03
1.210609784148275686e-03
1.203890975633246929e-03
1.194800229401643933e-03
1.184441180650968846e-03
1.172690386284213271e-03
1.159366522132307007e-03
1.144793479256342146e-03
1.130237236796003460e-03
1.114218542824989755e-03
1.098478607129126225e-03
1.082719792117799954e-03
1.066871505995817780e-03
1.051159955010353862e-03
1.035507554027606525e-03
1.019929420884074702e-03
1.004590980782174526e-03
9.893153937475269305e-04
9.742790335151986329e-04
9.594166746618056334e-04
9.447331128956070433e-04
9.304056568663937772e-04
9.163383121048291171e-04
9.023641941887745530e-04
8.887308922858157744e-04
8.753501400560223349e-04
8.622176237282290880e-04
8.494011721736176562e-04
8.367500627562547656e-04
8.243343500123650374e-04
8.122157244964262057e-04
8.001920460910618739e-04
7.885191610156126307e-04
7.770611547128758716e-04
7.659313725490198141e-04
7.549448890231014609e-04
7.441029838529652010e-04
7.335142668524902978e-04
7.231703789412786141e-04
7.130633200228180327e-04
7.030865499542994501e-04
6.932409012131716041e-04
6.834802815938760198e-04
6.739906989283547161e-04
6.648052120728626096e-04
6.558237145855194856e-04
6.469142191745375211e-04
6.381213706847042432e-04
6.294850812035754882e-04
6.210022977085015699e-04
6.126700159294203810e-04
6.043756799226399860e-04
5.963384817222255538e-04
5.885122410546138978e-04
5.807538184563563327e-04
5.731644408780878653e-04
5.657068507099620230e-04
5.584096493187402140e-04
5.511767623876977955e-04
5.440400413470431688e-04
5.369992482010524024e-04
5.301102629346903829e-04
5.233136218535768469e-04
5.166623611469904403e-04
5.101260011222772534e-04
5.036768409388535936e-04
4.973392350922563885e-04
4.910867750331483978e-04
4.849190185239065265e-04
4.788584015706555006e-04
4.728803139925285507e-04
4.670060243777144271e-04
4.612120653076284610e-04
4.555393586005831237e-04
4.499235130027895218e-04
4.444246922359006667e-04
4.390201071209060934e-04
4.336513443191673746e-04
4.284123040013709284e-04
4.232445930503238307e-04
4.181476061049550232e-04
4.131548504379441286e-04
4.082299150881776753e-04
4.033721915211165520e-04
3.986128273607844955e-04
3.939334252511325499e-04
3.893474536676529889e-04
3.848077885096394491e-04
3.803293652302894225e-04
3.759539832324523215e-04
