6.982349540235104346e-01
6.876918241612098859e-01
7.455625463790755969e-01
7.821912752540298719e-01
8.411837206229514363e-01
8.603328355278354600e-01
8.493292086027764975e-01
8.708844933089461282e-01
8.698076145599779041e-01
8.870476407134115782e-01
9.052784290078594864e-01
8.992658421588710649e-01
9.060696803559873391e-01
9.175636584874674595e-01
9.068880127552615411e-01
9.148461229646452919e-01
9.247763317519034354e-01
9.087700042658929389e-01
9.292808039439743872e-01
9.259149904463600533e-01
9.117965048074121448e-01
9.177920708062606847e-01
9.285526258879555073e-01
9.310620242655464063e-01
9.281701954205749949e-01
9.092589435545318510e-01
9.294534041032858074e-01
9.297489072812799016e-01
9.443493643104986512e-01
9.336818612085434621e-01
9.369725885895449080e-01
9.406355453523684851e-01
9.392631726982874074e-01
9.430142845585529621e-01
9.490671267483500317e-01
9.489877737974543592e-01
9.343472196449436051e-01
9.371568593975759809e-01
9.346264893550642050e-01
9.385430377518879652e-01
9.438350950973308784e-01
9.414978518868974966e-01
9.350813848437565801e-01
9.494759870520667056e-01
9.459184577132951910e-01
9.411848007923749870e-01
9.453821047727046789e-01
9.568454833573862839e-01
9.495713453027072593e-01
9.409848449027503614e-01
9.490303421569333819e-01
9.525456938899933279e-01
9.469228014028202578e-01
9.486834464427547076e-01
9.406673015653563841e-01
9.508555282870153613e-01
9.507464600030987034e-01
9.551698496424543272e-01
9.572810630705939072e-01
9.488884628063355420e-01
9.448570960647374450e-01
9.507468084489401061e-01
9.596117728411991399e-01
9.613050737681176905e-01
9.669922417443798102e-01
9.543087635249122291e-01
9.625406931520097409e-01
9.489393994091833706e-01
9.495460829045458961e-01
9.543950640794794937e-01
9.605054823122352037e-01
9.569727779994403605e-01
9.511020939134530172e-01
9.503690339141195320e-01
9.522019160236511182e-01
9.569933005353200572e-01
9.525699410628649666e-01
9.589820486858565696e-01
9.549208240252965441e-01
9.541397674092909620e-01
9.508646442077219874e-01
9.527492790505129872e-01
9.559137874530369006e-01
9.606736100835234771e-01
9.511550531651628004e-01
9.534948686794665340e-01
9.595128685908346222e-01
9.574515176070105271e-01
9.561208857170661046e-01
9.603050520128419976e-01
9.609759818822920518e-01
9.500646316369193434e-01
9.567346477890024126e-01
9.519623231059917146e-01
9.575509539502439216e-01
9.523782990716501695e-01
9.558713490354793230e-01
9.635031835415804879e-01
9.620743251756391778e-01
1.136797532808673017e+00
1.129031877158244823e+00
1.020571630271876584e+00
1.225872307503257819e+00
9.438184027703396817e-01
1.204226386496599854e+00
1.018754272774331060e+00
1.037882299115138851e+00
1.126715079569469813e+00
9.325294642533830114e-01
1.055096745118115686e+00
1.019811146510718247e+00
1.073071234291171461e+00
1.014770754974373190e+00
1.060050115927983816e+00
1.037140981118659822e+00
1.060705101174354681e+00
1.153153807077404114e+00
9.882740561743866836e-01
9.011305875265257503e-01
9.961374052163425308e-01
9.645525850036406057e-01
1.017603790543594178e+00
1.103637783587979371e+00
9.579424041085612407e-01
1.066015305672064262e+00
9.874654372866759067e-01
1.048702153742254062e+00
1.056824194879504519e+00
9.884443716410892256e-01
1.007521792799377369e+00
1.062115232614367910e+00
9.848972274114630165e-01
1.152326076244764907e+00
1.119405049720297640e+00
1.286432197146195611e+00
1.011450723656264206e+00
9.480857534150829435e-01
9.162004732922589545e-01
9.725422688187188580e-01
9.998581515694912047e-01
9.748644354272135715e-01
9.941148000543431618e-01
9.514341323335322453e-01
9.385018527850595982e-01
9.761286580927679424e-01
9.945850592377317723e-01
9.446503249622132392e-01
1.092552355140533615e+00
9.736412920181898301e-01
8.903476907886371805e-01
1.013812530281873681e+00
9.907989529853150623e-01
7.363616242364940945e-01
1.084388891875097682e+00
1.016902067215645245e+00
1.158820910731428677e+00
1.325795942203389144e+00
1.038586448781918747e+00
1.082138183228487316e+00
9.650881906421232559e-01
1.044406397486384197e+00
9.935294141780602883e-01
9.424925076336158059e-01
1.157226160654184488e+00
1.194652742807391199e+00
1.005624795138187144e+00
1.107255376181560447e+00
1.049521241682550787e+00
8.806829314755955096e-01
9.385896412405383415e-01
9.716587207084393940e-01
7.805422399158135072e-01
1.173544058849682159e+00
7.892672152289743615e-01
1.567205095767664647e+00
1.103403500487333266e+00
9.312568309406608069e-01
8.512845624016078805e-01
7.756574142972318953e-01
9.657372536872106394e-01
8.710119599432613047e-01
1.190701450059449495e+00
9.437171638829756626e-01
1.064306332657740217e+00
1.516420166509872880e+00
9.657890995581086546e-01
1.304918855824874324e+00
1.231752844024686766e+00
8.600287690478679581e-01
8.682924110662272321e-01
1.472491613081495343e+00
7.132508335026069846e-01
6.681040283796448875e-01
9.929818332037505524e-01
7.871851529085363008e-01
1.683068302982106079e+00
1.191252745142054037e+00
1.120662134632547824e+00
1.226500605126481291e+00
1.075838174207023989e+00
1.141238469906227238e+00
1.255679008840595356e+00
1.046019732225028420e+00
1.088965264408826350e+00
1.034641362463247560e+00
1.085531705983332262e+00
1.078832011123890489e+00
1.175128515003271534e+00
1.067292730604913586e+00
1.100354834173307816e+00
1.102792642188173522e+00
1.071479581978604934e+00
1.115509794645034303e+00
1.049240184670926279e+00
1.089770763515623075e+00
1.093487230211892980e+00
1.092975892936608462e+00
1.115430822227523766e+00
1.067144784369229438e+00
1.042427813857029983e+00
1.093578743149094645e+00
1.083313208983200493e+00
1.108811463422960220e+00
1.107352003475001956e+00
1.099396511189462800e+00
1.093133364072132796e+00
1.075102136072732639e+00
1.045442103263963807e+00
1.064023217589185277e+00
1.098655356671805361e+00
1.089532792431722408e+00
1.081827814658568032e+00
1.062030696620067438e+00
1.080119858098377295e+00
1.088649678654952435e+00
1.051787030206865481e+00
1.037082773622338472e+00
1.075416914225954423e+00
1.077921587205937115e+00
1.063355631368819942e+00
1.115459123031706579e+00
1.060231748488632109e+00
1.053901351232066519e+00
1.038961886945926283e+00
1.071485475849956348e+00
1.057302148534220887e+00
1.057448482820109392e+00
1.059358086227154105e+00
1.070049649449455798e+00
1.027844157825355653e+00
1.056406856815806705e+00
1.047972186637550207e+00
1.064540738484563098e+00
1.073228168028044438e+00
1.093530981289441595e+00
1.057805967997507590e+00
1.054824854389736055e+00
1.042987771391765683e+00
1.038371925060910472e+00
1.043484324038603139e+00
1.061673517737495187e+00
1.092766815923257973e+00
1.045583905974430738e+00
1.061405084197071691e+00
1.051662146614862348e+00
1.032661029817391718e+00
1.040670185886105603e+00
1.052262288747570773e+00
1.048424624112524572e+00
1.058316159183821492e+00
1.040927091053598597e+00
1.050359542152279779e+00
1.064750505311446105e+00
1.043648460722378601e+00
1.037174106796078021e+00
1.071990319660182323e+00
1.048673342068142444e+00
1.058811080692903195e+00
1.022146115421656898e+00
1.019578711362610690e+00
1.075035676063988976e+00
1.031551008452693541e+00
1.081539014250969100e+00
1.030517527011931112e+00
1.028351624099753003e+00
1.042838831598390081e+00
1.048140056812180143e+00
1.007516467852947351e+00
1.056523333908405693e+00
1.030705801943377020e+00
1.038322808135568209e+00
1.054333991406722459e+00
1.044505699235613205e+00
1.063747713535035722e+00
