# tt tp pp fid BP. not L=0 based ! can get lmin from binning arrays
1.035499999999997499e+03
9.806099999999987631e+02
9.277900000000014415e+02
8.877900000000004184e+02
8.600900000000008276e+02
8.421600000000000819e+02
8.309899999999990996e+02
8.260900000000002592e+02
8.246800000000006321e+02
8.260299999999988358e+02
8.306400000000005548e+02
8.369600000000004911e+02
8.442800000000009959e+02
8.527400000000005775e+02
8.625400000000000773e+02
8.735200000000006639e+02
8.847700000000008913e+02
8.974899999999989859e+02
9.103500000000013870e+02
9.236000000000019554e+02
9.373199999999994816e+02
9.513300000000001546e+02
9.657099999999992406e+02
9.804599999999995816e+02
9.954300000000004047e+02
1.010799999999999727e+03
1.026400000000001000e+03
1.042300000000001091e+03
1.058500000000000227e+03
1.074800000000001319e+03
1.091299999999999955e+03
1.108200000000000955e+03
1.125199999999999591e+03
1.142399999999997817e+03
1.159800000000000182e+03
1.177299999999999955e+03
1.195099999999999000e+03
1.213100000000000819e+03
1.231200000000001410e+03
1.249699999999999136e+03
1.268199999999999363e+03
1.286899999999999409e+03
1.305599999999999909e+03
1.324600000000000136e+03
1.343900000000001683e+03
1.363300000000002456e+03
1.382800000000002456e+03
1.402400000000002365e+03
1.422300000000001091e+03
1.442500000000002956e+03
1.463099999999998090e+03
1.483700000000000500e+03
1.504199999999999818e+03
1.524799999999998363e+03
1.545800000000002456e+03
1.567100000000001046e+03
1.588599999999998090e+03
1.610300000000002228e+03
1.632200000000003229e+03
1.654599999999997635e+03
1.676900000000000546e+03
1.699199999999997317e+03
1.721899999999999636e+03
1.744699999999999818e+03
1.767700000000001182e+03
1.790799999999997908e+03
1.814300000000002910e+03
1.838100000000002410e+03
1.862200000000000045e+03
1.886399999999998954e+03
1.910899999999999636e+03
1.935500000000007276e+03
1.960300000000000182e+03
1.985399999999999864e+03
2.010699999999999591e+03
2.036300000000002001e+03
2.062200000000002092e+03
2.088299999999999727e+03
2.114700000000001182e+03
2.141300000000005639e+03
2.168199999999995271e+03
2.195199999999997544e+03
2.222600000000002183e+03
2.250099999999994907e+03
2.277799999999996089e+03
2.306000000000002274e+03
2.334199999999999363e+03
2.362699999999998909e+03
2.391500000000002728e+03
2.420400000000001910e+03
2.449599999999996726e+03
2.479100000000001728e+03
2.508699999999998909e+03
2.538499999999996362e+03
2.568400000000015552e+03
2.598700000000004366e+03
2.629300000000002001e+03
2.659899999999999636e+03
3.015699999999997029e-03
3.016599999999993852e-03
2.946200000000000815e-03
2.847199999999998950e-03
2.738500000000000916e-03
2.629400000000002222e-03
2.523399999999993357e-03
2.420900000000002304e-03
2.324699999999993785e-03
2.237000000000002008e-03
2.155800000000000251e-03
2.079899999999996509e-03
2.008399999999997861e-03
1.940299999999998319e-03
1.874899999999994887e-03
1.812400000000000686e-03
1.752899999999996475e-03
1.696400000000001119e-03
1.642600000000001221e-03
1.591800000000001287e-03
1.544300000000001054e-03
1.499499999999999097e-03
1.456800000000000065e-03
1.416000000000000592e-03
1.376999999999997584e-03
1.339699999999998574e-03
1.303900000000001282e-03
1.269300000000000333e-03
1.235900000000001364e-03
1.203899999999996249e-03
1.173500000000001582e-03
1.144599999999999741e-03
1.116799999999999607e-03
1.090100000000000747e-03
1.064599999999998230e-03
1.040099999999999532e-03
1.016400000000000203e-03
9.935999999999996484e-04
9.715099999999998650e-04
9.501299999999998766e-04
9.294499999999997425e-04
9.094700000000010892e-04
8.901900000000001218e-04
8.716200000000009010e-04
8.537399999999997508e-04
8.365099999999990772e-04
8.198800000000001529e-04
8.037700000000000920e-04
7.881399999999988068e-04
7.729400000000012563e-04
7.581699999999984415e-04
7.438299999999987110e-04
7.299399999999991269e-04
7.165100000000003888e-04
7.035399999999987020e-04
6.909999999999981478e-04
6.788599999999995549e-04
6.670899999999987647e-04
6.556499999999998093e-04
6.445100000000002650e-04
6.336599999999993236e-04
6.230899999999998636e-04
6.127900000000009685e-04
6.027500000000009630e-04
5.929600000000002317e-04
5.834199999999998588e-04
5.741200000000016386e-04
5.650600000000004751e-04
5.562300000000008730e-04
5.476300000000003387e-04
5.392600000000009322e-04
5.311100000000014117e-04
5.231800000000009099e-04
5.154699999999993185e-04
5.079699999999994072e-04
5.006699999999996093e-04
4.935399999999997775e-04
4.865799999999989903e-04
4.797500000000005753e-04
4.730599999999995941e-04
4.664900000000003939e-04
4.600699999999994356e-04
4.537999999999999716e-04
4.476899999999995033e-04
4.417400000000008494e-04
4.359499999999991854e-04
4.302999999999998883e-04
4.247800000000005239e-04
4.193799999999996337e-04
4.140800000000003723e-04
4.088799999999996495e-04
4.037900000000001167e-04
3.987899999999990736e-04
3.938899999999997677e-04
3.890799999999984093e-04
3.843599999999999317e-04
3.797399999999993424e-04
3.752000000000001211e-04
5.113100000000000303e-08
6.207599999999999285e-08
7.147000000000000404e-08
7.961700000000000413e-08
8.671799999999999605e-08
9.296199999999999558e-08
9.848499999999999812e-08
1.033999999999999995e-07
1.077700000000000048e-07
1.116999999999999877e-07
1.152100000000000106e-07
1.183499999999999977e-07
1.211600000000000076e-07
1.236899999999999912e-07
1.259599999999999712e-07
1.279899999999999966e-07
1.298200000000000071e-07
1.314500000000000025e-07
1.328899999999999942e-07
1.341699999999999898e-07
1.353100000000000119e-07
1.363100000000000076e-07
1.371899999999999996e-07
1.379399999999999765e-07
1.385899999999999724e-07
1.391399999999999608e-07
1.396000000000000060e-07
1.399699999999999755e-07
1.402699999999999981e-07
1.404799999999999980e-07
1.406399999999999941e-07
1.407299999999999903e-07
1.407599999999999978e-07
1.407400000000000016e-07
1.406599999999999903e-07
1.405400000000000131e-07
1.403700000000000056e-07
1.401600000000000057e-07
1.399199999999999982e-07
1.396399999999999984e-07
1.393200000000000061e-07
1.389799999999999911e-07
1.386000000000000102e-07
1.382000000000000067e-07
1.377699999999999955e-07
1.373199999999999617e-07
1.368500000000000111e-07
1.363599999999999849e-07
1.358499999999999889e-07
1.353199999999999968e-07
1.347799999999999932e-07
1.342199999999999935e-07
1.336500000000000089e-07
1.330600000000000017e-07
1.324599999999999831e-07
1.318599999999999909e-07
1.312399999999999761e-07
1.306100000000000029e-07
1.299800000000000032e-07
1.293399999999999922e-07
1.286899999999999963e-07
1.280400000000000004e-07
1.273799999999999932e-07
1.267099999999999746e-07
1.260399999999999825e-07
1.253699999999999904e-07
1.246899999999999869e-07
1.240100000000000100e-07
1.233300000000000065e-07
1.226399999999999917e-07
1.219599999999999618e-07
1.212700000000000000e-07
1.205799999999999852e-07
1.198899999999999969e-07
1.191999999999999953e-07
1.185099999999999938e-07
1.178300000000000036e-07
1.171399999999999888e-07
1.164500000000000005e-07
1.157599999999999857e-07
1.150799999999999823e-07
1.143999999999999788e-07
1.137099999999999905e-07
1.130300000000000003e-07
1.123599999999999817e-07
1.116799999999999915e-07
1.110099999999999994e-07
1.103299999999999960e-07
1.096599999999999907e-07
1.089999999999999967e-07
1.083399999999999894e-07
1.076799999999999954e-07
1.070200000000000014e-07
1.063700000000000055e-07
1.057199999999999832e-07
1.050699999999999873e-07
1.044299999999999895e-07
1.037900000000000049e-07
