# Updated to include 1e6 cg tol to avoid little bump of 1/2 sigma at ell~64. Now very smooth MC corr
1.874069159410166607e-01
7.583480505565723950e-01
9.273577430385074871e-01
1.359719269689534382e+00
5.855345981853367077e-01
1.014574221790367270e+00
9.373022930524059770e-01
1.200038510660827784e+00
6.907917854692161574e-01
1.040383300497273122e+00
6.290540724235614833e-01
8.129798114319096713e-01
1.046092117511649322e+00
1.140015811485717956e+00
8.524582418846765597e-01
1.113512618876014271e+00
7.103890120633206129e-01
9.687742708990896290e-01
7.176687579466868305e-01
7.822604460963975548e-01
5.008857546786713577e-01
7.604413399687818265e-01
7.715435048310956834e-01
7.345738124326754992e-01
8.825242811927492825e-01
9.882981849221195159e-01
1.010667054666719800e+00
1.098786327834035070e+00
1.071478075628865767e+00
9.022881465867802486e-01
1.172830546056546908e+00
8.753513479071871606e-01
1.085075740691769042e+00
8.214220666310586560e-01
9.649097685736583996e-01
1.212214927227857286e+00
1.076109087388935182e+00
1.067102365012246645e+00
1.198596321699908263e+00
1.062749547337043632e+00
1.146194598744052051e+00
9.846767616300649006e-01
1.065004119527383164e+00
9.153267378183677083e-01
8.541088305869520836e-01
1.279109425862848815e+00
9.014594426962091456e-01
1.085489760545540028e+00
1.119735866926710788e+00
7.614020975563383642e-01
1.069569330834107213e+00
8.122320375664464631e-01
8.205529874927628420e-01
1.009766070044701314e+00
1.081177266262136172e+00
9.958403372731350345e-01
1.095442569701945645e+00
8.821646057919612094e-01
1.064245328728961049e+00
8.679834988729451251e-01
1.264229282585350278e+00
9.399724666515641980e-01
8.820908005334890944e-01
8.985995740196224268e-01
9.163891076912051847e-01
1.023460762014921865e+00
9.528031192230747015e-01
1.232527390024682035e+00
9.280444883708613979e-01
1.036346186044645457e+00
8.694845652711761241e-01
1.312477146053938837e+00
1.075111259409726072e+00
9.381153059998036392e-01
8.839074848325377820e-01
1.040855405212130602e+00
8.752888405940417726e-01
7.780970996852255572e-01
1.017323123487424041e+00
1.006207895937956565e+00
1.304189558245108405e+00
9.199799112667589318e-01
8.369022474233316355e-01
1.024427494578657560e+00
1.121423550453111595e+00
1.046791289636327171e+00
8.234050545594613357e-01
1.085927333862850785e+00
9.213323220020310789e-01
1.018799832476403155e+00
1.049630999375538609e+00
1.014879979882927108e+00
8.825847351497955184e-01
9.062373533116425683e-01
9.487826808618948782e-01
1.006885097028588527e+00
9.627437332569187545e-01
1.076962950544008368e+00
3.501197097522306123e-01
-3.872305133068032479e-02
8.396539684529289449e-01
4.288501327277319253e-01
3.177032856318942611e-01
4.120522422606202717e+00
-6.924876548023719547e-01
2.656795666157067082e+00
-9.611565839998964522e-01
-7.456916613696858986e-01
2.220515974173461693e+00
2.243071019857107107e+00
2.908365469962669980e+00
4.263279598362676559e+00
1.432176930397641990e-01
1.807482971424464679e+00
-7.754198218464583015e-01
1.818204458366717402e+00
-2.240818180180902119e-01
7.922216947001752274e-01
9.656438733288053022e-01
3.665381421858098232e+00
8.354305577553380324e-01
3.203381664155942499e+00
6.199062502198534608e-01
-1.036467421713723525e+00
4.395130973656062312e-01
7.252980070337732288e-01
3.976134599103893663e+00
1.074898610058090176e+00
-2.048801922171339662e-01
1.263037498110286094e+00
-9.565359228064626018e-01
1.244585610043266843e+00
1.062409410609289617e+00
1.294436181551771980e+00
1.305841528359294346e+00
3.465422221055325935e-01
1.399561563648000995e+00
2.633671845186932536e+00
-1.836140868705053331e+00
-2.837499140339806658e+00
-1.059275523438762301e+00
-2.193943462878483075e+00
8.710635649295193558e-03
-9.368423484616534846e-01
4.483065528862572036e-01
5.066131890750607880e+00
7.896172070416129785e-01
2.302867272045808544e+00
-5.100325559772553863e-01
2.384620453133098061e-01
6.300505651159468812e+00
2.378328102478724837e+00
2.262536869484103264e+00
3.661811591165314184e+00
-2.583449483925379209e+00
2.414771020061242002e+00
-5.764024524915345893e+00
1.967060651985486741e+00
-7.337192243110839840e+00
2.206569555854654308e+00
1.285831091041486074e+00
-2.126529974863013539e+00
1.062785999145922089e+00
-6.985097027057171615e-02
-3.127839279851714060e+00
-2.634779524508087167e+00
-1.021663802157392276e+00
4.290278308283769881e+00
-6.481699520833445582e+00
3.161416964916819783e+00
5.342159553095320312e+00
1.794767366479392390e+00
-1.194862449078630595e+00
2.386049841526961313e+00
5.166739810460128979e+00
1.550323920909113307e+00
4.093635982464869372e+00
6.901334223452155747e+00
-1.712828900257045150e+00
-1.856660202362902190e+00
1.691877535659833121e-01
3.565236168260187632e+00
2.046890043180815244e+00
9.127262623522778284e+00
4.147458877844917069e+00
5.249639419610570457e+00
6.698102887406330863e-01
-1.235487930078106089e+01
-7.304845826088140370e+00
3.216307322384743261e-01
-2.397284533767280568e+00
3.995505587668165326e+00
2.249563169046450817e+00
-1.797062368889107198e+00
7.198066252800105147e+00
-3.400037767270283506e+00
7.281621891920347700e+00
-2.879848518652645684e-01
-1.343400872417103598e+00
5.560580880052787833e-01
-5.062631674538212168e-02
2.327984905475479760e+00
6.812250715700161052e-01
1.282989379244146244e+00
6.078512960541507804e-01
1.316225592110317200e+00
1.554624289231908207e+00
1.893138565796767203e+00
6.650753837737033436e-01
1.346588935803757492e+00
3.540322150683159474e-01
1.524380682621658822e+00
6.123055096500047423e-01
1.426219827448865551e+00
6.520461850770203904e-01
7.806498830384837051e-01
7.123264248619342043e-01
5.568662327750328878e-01
1.265132207728546510e+00
8.614040158354451249e-01
4.039113619316453963e-01
1.021169401352753692e+00
6.425009280117012223e-01
8.597372565437179093e-01
8.645626161786230668e-01
1.166826206990376091e+00
6.475975605161622406e-01
9.982277032316860810e-01
1.319510415670833936e+00
7.488708903923140259e-01
1.106139446595512110e+00
1.297837362786343984e+00
1.018178231565089353e+00
9.800145639944675136e-01
4.814785762029059057e-01
7.896358859671768204e-01
7.374118174839305873e-01
9.747631325424802595e-01
8.857715333647560030e-01
1.240197684160317948e+00
8.974975738303908601e-01
1.278890217120449480e+00
1.189189881252803005e+00
9.871886725448680844e-01
8.489586600813284756e-01
8.857543626554017502e-01
1.279519202294851388e+00
9.785649164917500364e-01
8.783084447476585677e-01
1.050777671267732361e+00
9.880286457285790691e-01
9.969311072056875611e-01
5.224657021572175486e-01
1.203085492136802381e+00
8.460655975978336185e-01
1.061213430422812465e+00
2.088434928368921639e+00
1.242423363353832633e+00
1.438110691952954268e+00
8.162098489850937444e-01
9.322022287433205934e-01
8.640608779192079369e-01
1.092589512438236543e+00
8.488093044296902701e-01
8.526671463514828853e-01
1.121150474827129706e+00
8.367104842933726916e-01
1.056372707409287903e+00
9.199843201503827839e-01
1.078291792290254625e+00
1.452511529357451536e+00
8.228540703550025759e-01
1.328920481843844481e+00
1.096959147547379221e+00
1.270064031303071106e+00
1.164959053604027295e+00
1.244332906665847727e+00
1.092760048214121538e+00
8.245154123244310407e-01
1.331302548292828680e+00
2.777864345255314782e-01
1.260055777440664215e+00
1.056310445076046545e+00
1.191629124868899936e+00
9.235357618923876188e-01
1.000003664701415662e+00
1.082259020772421421e+00
7.409069988229539661e-01
1.054111043680772575e+00
9.006730212765432508e-01
1.693612870018674554e+00
1.103803553698020412e+00
1.538756605948173428e+00
9.445218530213759234e-01
