0.000000000000000000e+00
3.048226195154280402e+06
4.189896299226836860e+07
1.820368982329577506e+08
5.216385903710173965e+08
1.191508914607864380e+09
2.355012075910715103e+09
4.207963747678839207e+09
6.978537276450757027e+09
1.092710265197237968e+10
1.634612373555183029e+10
2.355992363060204315e+10
3.292459385183423615e+10
4.482767319667478180e+10
5.968807570976193237e+10
7.795566193930079651e+10
1.001112428808305664e+11
1.266659877805185547e+11
1.581615040579353943e+11
1.951691178956054688e+11
2.382900480805903931e+11
2.881544757411309204e+11
3.454218858612707520e+11
4.107798996693784180e+11
4.849448042716735840e+11
5.686601173522292480e+11
6.626973421358320312e+11
7.678542288846610107e+11
8.849557928874167480e+11
1.014852237109738525e+12
1.158420269882708984e+12
1.316560651368488770e+12
1.490199810188574463e+12
1.680287110985637451e+12
1.887796685898730713e+12
2.113724387414095947e+12
2.359089928549898438e+12
2.624933379243505859e+12
2.912317877769325195e+12
3.222325448022519043e+12
3.556060244942614258e+12
3.914643952673269043e+12
4.299219376683464844e+12
4.710945213632549805e+12
5.151000622404712891e+12
5.620578865054524414e+12
6.120892743866625000e+12
6.653167620333425781e+12
7.218647268284804688e+12
7.818586574028798828e+12
8.454257566378836914e+12
9.126941769054550781e+12
9.837937078139923828e+12
1.058854882533322461e+13
1.138009794535696094e+13
1.221391103515303711e+13
1.309132912026491016e+13
1.401369719260445508e+13
1.498237346626550977e+13
1.599871865812951562e+13
1.706410561317927930e+13
1.817990750156525000e+13
1.934750911271873047e+13
2.056829336016545312e+13
2.184365404514159375e+13
2.317498101262199609e+13
2.456367403131742578e+13
2.601112725173626562e+13
2.751874369033869141e+13
2.908791865500158203e+13
3.072005589265328125e+13
3.241654913006929688e+13
3.417879946317197656e+13
3.600819682077070312e+13
3.790613714426487500e+13
3.987400299165104688e+13
4.191318312322854688e+13
4.402505025283491406e+13
4.621098243972477344e+13
4.847234059343602344e+13
5.081048942579225000e+13
5.322677511936538281e+13
5.572254679103528906e+13
5.829913329985671875e+13
6.095786616960682031e+13
6.370005366410862500e+13
6.652700763415734375e+13
6.944001371264080469e+13
7.244036161017884375e+13
7.552931211902496875e+13
7.870813012856032812e+13
8.197804984085381250e+13
8.534030948499065625e+13
8.879611436581648438e+13
9.234667420070864062e+13
9.599316275923854688e+13
9.973675935236246875e+13
1.035786051241535625e+14
1.075198473454306406e+14
1.115615918380061875e+14
1.157049522518707500e+14
1.199509982766529062e+14
1.243008085140402500e+14
1.287554132973282188e+14
1.333158555023818125e+14
1.379831259622908750e+14
1.427582304365716562e+14
1.476421179096200000e+14
1.526357549896605625e+14
1.577400496389277500e+14
1.629559288765119062e+14
1.682842559824460625e+14
1.737259185770701250e+14
1.792817360702684062e+14
1.849525536147227812e+14
1.907391466189812812e+14
1.966423193412977500e+14
2.026628009638230312e+14
2.088013529089072188e+14
2.150586591894514688e+14
2.214354400609911875e+14
2.279323309977888438e+14
2.345500119132895000e+14
2.412890691612009375e+14
2.481501416683998438e+14
2.551337719374925625e+14
2.622405552232549375e+14
2.694709853679728750e+14
2.768256187526441250e+14
2.843049036151617500e+14
2.919093535708575625e+14
2.996393728604406875e+14
3.074954343840688750e+14
3.154778962529356875e+14
3.235871936972309375e+14
3.318236401977722500e+14
3.401876313985530625e+14
3.486794393575351875e+14
3.572994221654339375e+14
3.660478083679964375e+14
3.749249222005725625e+14
3.839309485528058750e+14
3.930661805876837500e+14
4.023307623485331250e+14
4.117249535958603750e+14
4.212488592719600000e+14
4.309027138529123750e+14
4.406865827006878125e+14
4.506006682434114375e+14
4.606450086678041250e+14
4.708197723178327500e+14
4.811249685736358750e+14
4.915607432979370000e+14
5.021270756572018750e+14
5.128240855044263125e+14
5.236517253414931875e+14
5.346100958586172500e+14
5.456991261030378125e+14
5.569188946279932500e+14
5.682693138448547500e+14
5.797504481978153750e+14
5.913621866810763750e+14
6.031045846329533750e+14
6.149775143294733750e+14
6.269810127451665000e+14
6.391149535682937500e+14
6.513793622463332500e+14
6.637741014292500000e+14
6.762991878549111250e+14
6.889544850966457500e+14
7.017400095561355000e+14
7.146556226980257500e+14
7.277013355702976250e+14
7.408770188157965000e+14
7.541826891175106250e+14
7.676182221906932500e+14
7.811836413964728750e+14
7.948788333408148750e+14
8.087038312022108750e+14
8.226585361733618750e+14
8.367429954965292500e+14
8.509571343951678750e+14
8.653010189441847500e+14
8.797745848151670000e+14
8.943779282476392500e+14
9.091110110415933750e+14
9.239739624817672500e+14
9.389667613309815000e+14
9.540895848592597500e+14
9.693424318333870000e+14
9.847255253712010000e+14
1.000238890156211875e+15
1.015882802849519875e+15
1.031657312517061875e+15
1.047562773967166875e+15
1.063599233323749750e+15
1.079767167421108000e+15
1.096066603110403125e+15
1.112498202605377625e+15
1.129061886018892000e+15
