   32 5.448800e-04
   45 6.477208e-04
   64 4.766207e-04
   72 9.935637e-04
   91 4.460046e-04
   96 3.640344e-04
  101 7.376979e-04
  115 6.695103e-04
  128 2.442832e-04
  132 4.742563e-04
  136 2.447609e-04
  143 4.177117e-04
  160 4.543600e-04
  163 2.745787e-04
  172 2.350768e-04
  181 1.000431e-04
  187 1.738971e-04
  192 7.563679e-05
  195 1.430108e-04
  202 1.262854e-04
  205 1.231875e-04
  215 1.041171e-04
  224 4.397323e-05
  226 1.370933e-04
  231 9.556304e-05
  233 8.626007e-05
  244 9.157998e-05
  250 1.080424e-04
  256 4.157120e-05
  258 1.963210e-04
  264 9.671333e-05
  272 6.953974e-05
  273 1.173269e-04
  275 1.420028e-04
  286 1.462421e-04
  288 5.582583e-05
  290 1.160984e-04
  295 3.111806e-04
  302 1.804782e-04
  304 1.523670e-04
  315 1.812205e-04
  317 1.074419e-04
  320 2.863365e-04
  322 1.489787e-04
  326 1.624905e-04
  329 2.089778e-04
  334 1.793421e-04
  340 2.351161e-04
  345 1.965367e-04
  346 2.269385e-04
  352 8.128291e-05
  353 1.660423e-04
  358 3.818344e-04
  362 1.180239e-04
  365 4.103255e-04
  373 2.137505e-04
  375 1.863137e-04
  384 7.679576e-05
  385 3.704331e-04
  387 1.863844e-04
  389 1.565615e-04
  391 2.007499e-04
  396 1.564020e-04
  401 1.769188e-04
  405 1.532434e-04
  407 9.118182e-05
  410 1.747434e-04
  416 2.056661e-04
  417 2.786567e-04
  421 1.200308e-04
  427 1.158610e-04
  429 1.285838e-04
  431 1.374384e-04
  435 2.351991e-04
  445 1.055310e-04
  446 9.606233e-05
  448 4.111219e-05
  449 8.138852e-05
  453 1.269125e-04
  455 9.338782e-05
  458 1.544037e-04
  462 8.076303e-05
  466 6.580415e-05
  472 6.453152e-05
  476 1.208802e-04
  480 8.273099e-05
  481 4.730349e-05
  484 4.536840e-05
  487 4.782833e-05
  488 4.987104e-05
  490 4.205710e-05
  497 3.866051e-05
  498 2.275584e-05
  500 4.420938e-05
  501 4.053143e-05
  506 7.691824e-05
  512 1.518231e-05
  513 3.030762e-05
  516 6.845879e-05
  517 3.503244e-05
  521 7.223514e-05
  525 4.163578e-05
  528 3.214794e-05
  530 3.793126e-05
  533 4.264079e-05
  536 3.590987e-05
  543 2.592061e-05
  544 6.228552e-05
  545 8.537537e-05
  547 4.238245e-05
  548 3.462441e-05
  551 5.506383e-05
  552 3.831477e-05
  559 9.657970e-05
  560 5.999367e-05
  566 7.242631e-05
  567 5.190817e-05
  570 7.442901e-05
  572 6.752935e-05
  576 2.420755e-05
  577 1.909529e-04
  580 5.227465e-05
  584 5.757391e-05
  587 8.519597e-05
  588 1.249494e-04
  590 1.625613e-04
  595 1.003111e-04
  598 7.433799e-05
  601 9.193963e-05
  604 1.036829e-04
  607 8.576605e-05
  608 3.459599e-05
  609 7.015427e-05
  611 1.932171e-04
  615 1.199573e-04
  616 1.852891e-04
  618 9.790942e-05
  621 2.065595e-04
  629 9.265185e-05
  630 1.100436e-04
  631 1.215445e-04
  634 6.737879e-05
  635 1.349644e-04
  638 1.008985e-04
  640 1.757992e-04
  641 8.499485e-05
  643 8.743881e-05
  644 1.197466e-04
  647 9.087868e-05
  648 2.397755e-04
  653 9.485096e-05
  657 1.400839e-04
  659 1.257953e-04
  660 3.519497e-04
  666 1.337526e-04
  668 1.033771e-04
  672 4.366305e-05
  673 2.048553e-04
  675 2.152044e-04
  678 1.055378e-04
  679 1.574947e-04
  680 1.338946e-04
  684 9.141454e-05
  685 1.286852e-04
  687 1.158195e-04
  689 1.053996e-04
  691 9.198104e-05
  692 1.208203e-04
  699 9.154133e-05
  702 2.211702e-04
  703 1.088029e-04
  704 3.870054e-05
  705 1.930328e-04
  707 7.722495e-05
  708 8.945262e-05
  711 1.848147e-04
  716 1.698982e-04
  719 1.823618e-04
  722 7.390829e-05
  724 4.950677e-05
  725 9.730072e-05
  730 2.459426e-04
  731 7.769059e-05
  736 2.949558e-05
  737 1.409089e-04
  739 1.239749e-04
  742 5.674730e-05
  744 6.856691e-05
  746 7.098631e-05
  747 1.299715e-04
  749 6.005201e-05
  750 7.186640e-05
  753 5.179522e-05
  755 6.566360e-05
  759 5.778068e-05
  761 1.006017e-04
  763 5.707043e-05
  768 1.961913e-05
  769 1.100016e-04
  771 9.154610e-05
  773 4.509568e-05
  774 8.411025e-05
  775 4.972383e-05
  779 7.375240e-05
  781 4.438091e-05
  784 3.296850e-05
  787 3.771952e-05
  790 7.198645e-05
  792 6.975841e-05
  795 3.774265e-05
  800 7.540273e-05
  801 2.460173e-05
  802 3.193001e-05
  803 5.399187e-05
  806 2.366175e-05
  808 3.169384e-05
  810 4.899029e-05
  815 1.587610e-05
  816 8.124385e-05
  818 2.880845e-05
  820 5.552579e-05
  823 2.212069e-05
  826 2.968154e-05
  830 2.720152e-05
  831 2.241278e-05
  832 3.482734e-05
  833 1.920393e-05
  834 4.874809e-05
  838 5.149344e-05
  840 5.552772e-05
  842 2.046790e-05
  845 8.947685e-05
  847 2.164439e-05
  850 2.600463e-05
  852 3.330218e-05
  854 2.335004e-05
  859 3.157487e-05
  860 1.899440e-05
  861 3.828890e-05
  862 9.053053e-05
  864 1.099297e-05
  865 6.119243e-05
  866 2.287375e-05
  869 2.398245e-05
  870 7.006446e-05
  873 6.350695e-05
  874 3.487764e-05
  879 7.042939e-05
  880 3.379482e-05
  883 4.791193e-05
  885 7.934273e-05
  887 4.130543e-05
  889 4.539881e-05
  890 4.974128e-05
  891 3.906599e-05
  893 3.420708e-05
  896 1.472943e-05
  897 8.108342e-05
  898 3.058857e-05
  901 7.038662e-05
  902 4.822146e-05
  903 4.493697e-05
  905 6.302749e-05
  906 1.119959e-04
  910 9.534999e-05
  911 4.298011e-05
  915 6.006372e-05
  916 9.013293e-05
  917 5.523049e-05
  921 4.786986e-05
  923 6.080985e-05
  924 4.228877e-05
  928 8.489961e-05
  929 3.680401e-05
  930 1.606772e-04
  932 4.572139e-05
  933 1.521743e-04
  935 6.641096e-05
  937 4.019379e-05
  941 1.152114e-04
  942 4.198043e-05
  945 1.168063e-04
  948 4.393540e-05
  950 1.002930e-04
  951 1.224129e-04
  955 1.153872e-04
  959 5.856576e-05
  960 8.799866e-05
  961 1.023197e-04
  962 4.007858e-05
  963 1.013957e-04
  965 4.062913e-05
  967 6.608994e-05
  968 4.149375e-05
  972 4.879985e-05
  973 1.708490e-04
  975 1.230986e-04
  977 6.252511e-05
  979 4.283822e-05
  980 6.637528e-05
  982 4.923374e-05
  986 1.066779e-04
  988 1.117419e-04
  992 1.826960e-05
  993 8.512175e-05
  994 1.390844e-04
  996 3.159976e-05
  997 9.921060e-05
 1000 9.747320e-05
 1002 9.386488e-05
 1004 1.009921e-04
 1005 9.419090e-05
 1010 3.598670e-05
 1012 9.443390e-05
 1016 4.732826e-05
 1017 7.890068e-05
 1018 5.357291e-05
 1020 5.224330e-05
 1021 4.806470e-05
 1022 3.860399e-05
 1024 1.265250e-04
 1026 2.849649e-05
 1028 2.820313e-05
 1030 8.534992e-05
 1032 6.914103e-05
 1033 3.185485e-05
 1034 3.528370e-05
 1036 2.686413e-05
 1038 4.075481e-05
 1041 2.111796e-05
 1042 9.679401e-05
 1045 7.398132e-05
 1046 3.134652e-05
 1048 5.928737e-05
 1050 3.664893e-05
 1053 2.646872e-05
 1056 8.378599e-05
 1058 1.863650e-05
 1059 2.690502e-05
 1060 4.679829e-05
 1064 9.235602e-05
 1065 2.802761e-05
 1066 2.996292e-05
 1068 1.669322e-05
 1069 2.801271e-05
 1073 5.639499e-05
 1075 2.514428e-05
 1076 4.279614e-05
 1079 1.448351e-05
 1083 3.780908e-05
 1086 1.111420e-05
 1087 3.496905e-05
 1088 5.048141e-05
 1090 3.093116e-05
 1092 2.814181e-05
 1094 1.386747e-05
 1095 3.078785e-05
 1096 9.483830e-06
 1100 8.995999e-06
 1101 1.694022e-05
 1102 1.392682e-05
 1103 2.548658e-05
 1105 2.050873e-05
 1109 3.117503e-05
 1111 2.387910e-05
 1113 9.603986e-06
 1115 1.511854e-05
 1116 1.211659e-05
 1118 1.825831e-05
 1120 3.506544e-05
 1122 5.361923e-06
 1124 1.431292e-05
 1125 7.280728e-06
 1127 1.846009e-05
 1131 3.412578e-05
 1132 1.412312e-05
 1134 7.288967e-06
 1135 2.282225e-05
 1136 1.781509e-05
 1139 1.364783e-05
 1142 5.709441e-06
 1144 7.656958e-06
 1145 1.069870e-05
 1146 1.341288e-05
 1147 2.148227e-05
 1149 6.159332e-06
 1152 6.384662e-06
 1154 4.132810e-05
 1156 2.655951e-05
 1159 4.935192e-06
 1160 3.801456e-05
 1163 1.911912e-05
 1165 3.303503e-05
 1168 6.014326e-06
 1172 1.577438e-05
 1174 2.868158e-05
 1175 1.428861e-05
 1177 3.853973e-05
 1180 2.602979e-05
 1181 1.631966e-05
 1184 3.802248e-05
 1186 6.021693e-06
 1187 9.047561e-06
 1188 2.150001e-05
 1189 1.368240e-05
 1190 1.896269e-05
 1191 2.392039e-05
 1195 2.016826e-05
 1196 1.042220e-05
 1198 1.945100e-05
 1199 3.004003e-05
 1201 2.176654e-05
 1202 1.603605e-05
 1203 1.776592e-05
 1205 4.318064e-05
 1206 1.466988e-05
 1208 1.991270e-05
 1210 2.215555e-05
 1211 1.038796e-05
 1214 1.364493e-05
 1216 5.279942e-05
 1218 8.221616e-06
 1219 4.844470e-05
 1220 8.564972e-06
 1222 1.241371e-05
 1223 3.384911e-05
 1225 6.259836e-05
 1226 2.243138e-05
 1229 2.483066e-05
 1231 4.915942e-05
 1235 6.098959e-05
 1236 2.780003e-05
 1243 3.605801e-05
 1245 6.150251e-05
 1246 4.832680e-05
 1248 3.148746e-05
 1250 4.788409e-05
 1252 3.296216e-05
 1255 5.126768e-05
 1257 1.327524e-05
 1258 1.005121e-05
 1259 2.072514e-05
 1261 4.357195e-05
 1262 2.247384e-05
 1263 1.040163e-05
 1266 3.029935e-05
 1267 1.324671e-05
 1268 3.711587e-05
 1269 2.375445e-05
 1270 2.597867e-05
 1274 7.605681e-05
 1275 1.412111e-05
 1278 1.666599e-05
 1279 2.212928e-05
 1280 3.617549e-05
 1281 1.129297e-05
 1282 8.029075e-06
 1284 8.103912e-06
 1285 1.416581e-05
 1286 8.210572e-06
 1287 2.275642e-05
 1288 2.988213e-05
 1290 6.918253e-05
 1292 2.407045e-05
 1294 8.340064e-06
 1295 2.334438e-05
 1296 3.473629e-05
 1297 1.127591e-05
 1299 3.060661e-05
 1303 3.304780e-05
 1305 8.256153e-06
 1306 5.022263e-05
 1307 1.327388e-05
 1312 2.631203e-05
 1313 2.099170e-05
 1314 2.381396e-05
 1316 3.581186e-05
 1317 1.439925e-05
 1318 2.083740e-05
 1319 3.946267e-05
 1322 4.897789e-06
 1323 1.646844e-05
 1325 1.791476e-05
 1326 1.448756e-05
 1328 7.311551e-06
 1331 1.744500e-05
 1332 2.726017e-05
 1334 1.387614e-05
 1335 1.721502e-05
 1336 6.774909e-06
 1337 2.993515e-05
 1340 3.009524e-05
 1343 4.031428e-06
 1344 1.702425e-05
 1346 2.839130e-05
 1347 1.332901e-06
 1349 7.794119e-06
 1350 3.017028e-05
 1353 1.147929e-06
 1356 5.425684e-06
 1358 3.617228e-05
 1360 8.397482e-06
 1361 2.913046e-05
 1363 8.711124e-07
 1364 1.207859e-05
 1367 1.753965e-05
 1368 7.179978e-07
 1370 1.099976e-05
 1374 7.235703e-06
 1375 6.457099e-06
 1376 9.748407e-06
 1377 6.376882e-06
 1379 2.449868e-06
 1380 1.072443e-05
 1382 9.188055e-06
 1385 1.674013e-05
 1386 2.282284e-06
 1388 5.271609e-06
 1389 1.447422e-05
 1391 3.813438e-06
 1394 5.590270e-06
 1395 8.572385e-06
 1397 2.195657e-06
 1398 4.369836e-07
 1400 -1.514665e-06
 1403 1.740098e-05
 1404 1.292781e-05
 1405 6.102981e-06
 1406 7.643649e-06
 1407 6.165319e-07
 1408 -2.761617e-06
 1409 5.322657e-06
 1411 3.751630e-06
 1413 -1.067238e-06
 1414 -3.122498e-06
 1415 8.254925e-06
 1417 7.312220e-06
 1420 2.080084e-06
 1421 1.155742e-05
 1426 6.815701e-06
 1427 1.069231e-05
 1429 7.358403e-06
 1430 9.030531e-06
 1431 2.732929e-06
 1433 9.459037e-06
 1434 8.900164e-06
 1437 -1.485391e-06
 1438 1.015270e-05
 1440 3.606020e-06
 1441 -3.327250e-06
 1443 -3.153988e-06
 1444 -8.734216e-07
 1446 7.408894e-06
 1447 1.006360e-05
 1448 5.150795e-06
 1449 1.486043e-05
 1450 3.378006e-06
 1451 1.013394e-05
 1453 -2.177483e-06
 1455 1.025084e-05
 1456 8.635519e-06
 1457 7.245136e-07
 1459 1.098479e-05
 1460 5.820758e-06
 1461 7.181526e-06
 1462 4.614268e-06
 1463 -1.098528e-06
 1465 8.693161e-06
 1466 1.027409e-05
 1468 5.250856e-06
 1469 -4.215856e-07
 1471 1.202146e-05
 1472 8.461481e-06
 1473 8.082682e-06
 1474 7.300012e-06
 1475 1.633342e-05
 1477 8.750727e-06
 1478 9.930853e-07
 1479 1.205165e-05
 1480 4.831766e-06
 1481 -1.368125e-06
 1482 1.155649e-05
 1484 -9.157398e-07
 1485 1.203599e-05
 1488 3.859053e-06
 1489 1.583615e-05
 1490 2.101076e-06
 1492 1.813578e-05
 1493 1.724665e-05
 1494 1.401056e-05
 1496 1.376824e-05
 1498 5.008680e-06
 1499 3.044491e-06
 1500 2.649810e-05
 1503 8.760168e-06
 1504 2.948911e-05
 1505 -1.054192e-06
 1506 1.582816e-06
 1507 -8.619199e-07
 1508 3.995570e-06
 1509 1.726891e-05
 1510 1.346053e-05
 1512 -2.697665e-07
 1514 2.305655e-06
 1516 1.520802e-05
 1517 9.947532e-06
 1518 4.156254e-05
 1520 2.629577e-05
 1521 1.069019e-05
 1524 1.468330e-05
 1526 1.026657e-06
 1527 1.274187e-05
 1528 5.730677e-06
 1530 1.805722e-05
 1531 1.090362e-05
 1532 1.081741e-05
 1534 7.895299e-06
 1536 1.289850e-05
 1537 1.155743e-05
 1538 2.010028e-06
 1539 3.359635e-05
 1541 1.507666e-05
 1544 1.322824e-05
 1545 1.747079e-05
 1546 9.927844e-06
 1547 8.457920e-06
 1548 1.639060e-05
 1549 1.456348e-05
 1551 6.904936e-06
 1552 3.424354e-06
 1554 1.236894e-05
 1555 1.394101e-05
 1557 7.968513e-07
 1559 5.259104e-06
 1560 2.215494e-05
 1561 1.504742e-05
 1562 1.313685e-05
 1563 2.310900e-05
 1564 1.129094e-05
 1565 1.454724e-05
 1568 -1.769663e-06
 1569 2.325601e-05
 1571 1.104941e-05
 1573 -9.492074e-07
 1574 8.704341e-06
 1575 1.331029e-05
 1576 1.784586e-05
 1579 3.683065e-06
 1580 -7.010853e-07
 1581 2.882137e-05
 1583 1.682719e-06
 1584 6.296550e-06
 1585 1.362704e-05
 1587 1.333206e-05
 1589 2.996875e-05
 1590 1.285049e-05
 1591 1.771107e-06
 1592 9.399755e-06
 1593 5.406634e-06
 1594 1.183364e-05
 1598 1.005170e-05
 1599 3.637585e-06
 1600 8.974532e-06
 1601 -2.534194e-06
 1603 4.094275e-06
 1604 7.775348e-06
 1605 2.671591e-06
 1607 2.190047e-05
 1608 1.789675e-05
 1609 1.730700e-06
 1611 1.235966e-05
 1614 1.048904e-05
 1615 9.022283e-06
 1616 -2.294645e-06
 1617 6.034740e-06
 1618 4.719811e-06
 1619 1.857936e-05
 1620 -2.252284e-06
 1622 2.934140e-06
 1625 7.666396e-06
 1626 6.762909e-06
 1629 6.452713e-06
 1630 9.897994e-06
 1631 -2.779047e-07
 1632 1.069323e-05
 1633 3.661989e-06
 1635 1.404390e-05
 1637 -4.194112e-06
 1638 -2.151715e-06
 1639 8.552578e-06
 1640 -3.206309e-06
 1642 6.757348e-06
 1643 -4.102960e-06
 1645 5.672334e-06
 1646 3.813053e-06
 1647 3.353068e-06
 1649 -3.795412e-07
 1652 1.801741e-05
 1653 6.122214e-06
 1656 7.884738e-06
 1657 -3.881863e-06
 1659 7.464716e-06
 1660 9.134118e-06
 1661 2.348852e-06
 1662 -1.997204e-06
 1663 6.402879e-07
 1664 -5.920227e-07
 1665 -5.687068e-06
 1667 -5.636273e-06
 1669 -4.551575e-07
 1670 4.884910e-07
 1672 -5.485145e-06
 1674 5.976684e-06
 1675 5.266304e-06
 1677 4.785221e-06
 1678 5.656272e-06
 1679 -9.829123e-07
 1680 5.182076e-06
 1682 -1.431486e-07
 1684 -1.752689e-06
 1686 5.025850e-06
 1689 -2.392924e-06
 1690 6.087850e-06
 1691 3.492803e-06
 1692 -2.912519e-06
 1694 -4.424377e-06
 1696 4.860812e-07
 1697 6.822644e-07
 1698 7.025112e-06
 1699 -6.318502e-06
 1701 -7.081719e-06
 1703 1.787317e-06
 1704 8.908919e-06
 1706 6.696763e-07
 1707 -1.894826e-06
 1708 -3.892427e-06
 1709 6.510790e-06
 1710 -2.023927e-06
 1711 -5.602764e-06
 1712 -4.169821e-07
 1713 5.009782e-06
 1715 -2.450809e-06
 1717 2.466215e-06
 1719 4.946816e-06
 1720 5.020561e-06
 1722 1.364774e-05
 1723 2.147322e-06
 1725 7.470861e-06
 1726 -4.542577e-06
 1728 -9.599841e-06
 1729 1.065830e-06
 1731 -9.458645e-07
 1732 -7.158169e-07
 1733 -6.028902e-06
 1735 7.181422e-06
 1739 -9.044857e-06
 1740 5.823543e-06
 1741 5.692141e-06
 1742 3.655371e-06
 1744 8.681597e-06
 1746 9.043914e-06
 1747 -3.523235e-07
 1748 2.141295e-06
 1749 1.578414e-05
 1751 5.038585e-06
 1752 -4.376435e-06
 1753 1.109387e-06
 1754 6.405895e-06
 1757 3.222260e-06
 1760 4.309592e-06
 1761 -2.265250e-06
 1762 5.698512e-06
 1763 -1.028629e-05
 1765 1.823967e-06
 1766 1.006697e-05
 1767 2.048780e-05
 1770 2.528668e-06
 1772 5.092896e-07
 1774 5.534011e-06
 1775 1.840768e-05
 1777 1.160600e-06
 1778 6.944408e-06
 1779 5.877886e-06
 1781 2.229111e-07
 1783 -1.495706e-06
 1784 8.299322e-06
 1785 -1.332937e-06
 1786 9.790327e-06
 1788 1.138050e-05
 1789 1.374114e-05
 1790 1.100738e-05
 1791 1.238138e-05
 1792 -7.612322e-06
 1793 4.033493e-06
 1795 1.491235e-05
 1797 -4.667773e-06
 1799 6.623305e-06
 1801 -2.002070e-06
 1802 7.217906e-06
 1803 6.479894e-06
 1804 5.178489e-06
 1805 1.085290e-05
 1806 3.919985e-06
 1807 3.913926e-06
 1808 -1.431775e-06
 1810 2.653594e-06
 1811 2.130127e-05
 1812 2.355805e-05
 1813 2.674173e-06
 1815 8.931012e-06
 1816 -8.628055e-07
 1818 1.327147e-05
 1819 1.182337e-05
 1820 1.211316e-05
 1821 1.446691e-06
 1822 8.522752e-06
 1824 7.392675e-06
 1825 -4.701183e-06
 1826 -2.301770e-06
 1827 -4.590650e-06
 1828 5.195320e-06
 1830 1.110213e-05
 1831 -4.273753e-06
 1832 8.597895e-06
 1833 1.614883e-05
 1834 1.626039e-05
 1836 1.621642e-05
 1838 6.717877e-06
 1839 8.942358e-06
 1840 1.053435e-05
 1842 -2.928630e-06
 1843 2.477669e-06
 1844 1.164352e-05
 1846 1.552471e-05
 1847 2.508595e-06
 1849 4.273409e-06
 1850 1.919129e-05
 1852 -2.016979e-06
 1854 2.821355e-06
 1855 1.435530e-05
 1856 1.495159e-05
 1857 -5.071653e-06
 1858 4.192227e-06
 1860 1.260241e-05
 1862 1.278909e-05
 1863 -4.779950e-06
 1864 1.792164e-05
 1866 6.394636e-06
 1869 6.198179e-06
 1871 -2.283065e-06
 1873 9.947131e-06
 1874 -4.322983e-06
 1875 2.027492e-05
 1877 6.846575e-06
 1878 8.089720e-06
 1879 1.110305e-05
 1881 1.083587e-05
 1882 9.043135e-06
 1883 3.663970e-06
 1884 1.572404e-06
 1885 1.041244e-05
 1886 -1.910815e-06
 1888 -9.047352e-06
 1889 4.424526e-06
 1890 7.790886e-06
 1891 3.044307e-06
 1892 -5.915184e-06
 1893 6.472822e-06
 1894 7.438481e-06
 1895 -9.483783e-06
 1896 1.574208e-06
 1898 -5.702735e-06
 1900 7.129076e-06
 1901 1.768814e-05
 1902 -3.541595e-06
 1903 1.218125e-05
 1904 2.906996e-06
 1905 -3.037645e-07
 1906 9.341268e-06
 1908 9.036933e-06
 1909 5.478098e-06
 1910 6.251289e-07
 1913 -1.578124e-06
 1914 8.329556e-06
 1915 -5.226550e-06
 1917 3.255960e-06
 1918 6.592460e-06
 1920 -1.639699e-06
 1921 -7.380940e-06
 1922 -7.055433e-06
 1923 7.186671e-06
 1924 -6.991939e-06
 1925 5.441687e-06
 1927 8.807317e-06
 1930 1.140693e-06
 1932 2.586840e-06
 1933 -7.837542e-06
 1934 4.506901e-06
 1935 6.018836e-06
 1937 -1.964047e-06
 1939 6.965551e-06
 1940 -4.583061e-06
 1941 -6.412482e-06
 1943 -2.800632e-06
 1944 3.952199e-06
 1946 1.429447e-05
 1947 1.441636e-06
 1948 3.216924e-06
 1949 3.543910e-06
 1950 2.379037e-07
 1951 7.333977e-06
 1952 -1.788778e-05
 1953 -4.662450e-06
 1954 3.626218e-06
 1955 -1.004253e-06
 1956 -1.180702e-05
 1958 -5.760309e-06
 1959 -9.271481e-07
 1961 2.060832e-06
 1962 5.146395e-07
 1963 -2.213717e-06
 1965 -6.488329e-06
 1967 -6.433432e-07
 1969 3.657408e-07
 1970 7.384337e-06
 1971 4.627667e-06
 1972 8.056912e-06
 1973 -6.833949e-06
 1974 -5.065655e-06
 1975 9.179487e-06
 1976 9.746477e-07
 1977 3.141813e-06
 1978 -6.535511e-06
 1979 7.648886e-06
 1981 4.190893e-06
 1983 -8.964285e-06
 1984 -5.295008e-06
 1985 -9.119479e-06
 1986 -7.857375e-06
 1987 -4.180820e-06
 1988 -2.479286e-06
 1989 -4.119243e-06
 1990 1.729237e-06
 1991 3.958451e-06
 1992 1.237044e-05
 1993 5.246619e-07
 1994 -2.114115e-06
 1996 -1.071502e-06
 1997 -7.495500e-06
 1998 1.140529e-05
 1999 7.747272e-06
 2000 -6.769633e-06
 2003 -4.742890e-06
 2004 8.946038e-06
 2005 -4.022040e-06
 2006 6.274324e-06
 2009 5.453273e-06
 2010 -2.437068e-06
 2014 7.040945e-06
 2015 9.490469e-06
 2016 -3.257973e-06
 2017 1.916404e-06
 2018 -4.050797e-06
 2020 7.227589e-06
 2021 -3.323799e-06
 2022 -6.673625e-06
 2024 1.571090e-05
 2025 -5.465302e-08
 2026 -1.884771e-06
 2027 -4.293649e-06
 2028 -6.061717e-06
 2029 9.196847e-06
 2032 6.077195e-06
 2033 5.158643e-06
 2034 -8.201074e-07
 2035 7.614792e-06
 2036 6.685009e-06
 2037 1.082097e-05
 2038 1.273687e-05
 2041 3.358069e-06
 2042 1.731881e-05
 2044 1.027225e-05
 2045 1.057675e-06
 2046 1.267424e-06
 2047 4.224812e-06
 2048 -2.228492e-06
 2049 3.168952e-06
 2050 6.965355e-06
 2052 -9.078452e-07
 2054 6.197338e-06
 2056 2.266121e-06
 2057 -6.043351e-06
 2058 -2.817515e-06
 2059 2.238050e-05
 2060 8.137087e-06
 2061 2.372947e-05
 2062 1.277105e-05
 2063 4.519937e-06
 2064 5.574246e-06
 2065 1.071644e-05
 2066 -1.241748e-07
 2068 1.100891e-05
 2069 2.256970e-05
 2072 -1.304527e-06
 2073 -3.219806e-06
 2074 1.283614e-05
 2075 1.052882e-05
 2076 1.424611e-05
 2077 1.126256e-05
 2078 -2.664867e-06
 2080 1.997809e-05
 2081 -4.486517e-06
 2082 1.734643e-05
 2084 8.202902e-06
 2085 1.821012e-06
 2086 2.543248e-05
 2087 1.277165e-05
 2088 3.149232e-07
 2089 -3.652199e-06
 2090 2.836599e-05
 2092 6.392139e-06
 2093 5.867431e-06
 2094 1.428567e-05
 2095 1.540983e-05
 2096 7.326351e-06
 2097 1.120138e-06
 2098 4.725027e-06
 2099 1.415758e-05
 2100 -2.557455e-06
 2103 1.225897e-05
 2104 3.120333e-05
 2105 2.617395e-05
 2106 1.582117e-05
 2107 1.555273e-05
 2108 1.078934e-05
 2110 1.937264e-05
 2111 4.458146e-07
 2112 -5.581610e-06
 2113 2.204399e-05
 2114 1.167631e-05
 2115 1.391875e-06
 2116 1.035930e-06
 2118 5.810714e-06
 2119 2.367208e-05
 2120 1.029546e-05
 2121 9.456356e-06
 2122 6.381558e-06
 2124 8.781064e-06
 2125 1.779640e-05
 2127 2.830507e-05
 2128 -3.083725e-07
 2129 1.593851e-05
 2130 1.260525e-05
 2131 1.575585e-05
 2132 1.189337e-05
 2133 1.782542e-05
 2135 3.702277e-05
 2136 1.873889e-07
 2139 3.407518e-05
 2140 1.183264e-05
 2141 -1.566090e-06
 2142 4.970706e-07
 2144 8.989943e-06
 2145 -3.676032e-06
 2146 2.987496e-06
 2147 7.294633e-06
 2148 2.618093e-05
 2150 2.707330e-05
 2151 3.225089e-05
 2153 1.112365e-05
 2155 1.776198e-05
 2156 -3.053548e-06
 2157 1.609932e-05
 2158 1.426635e-05
 2159 1.096011e-05
 2161 1.590931e-05
 2163 6.991475e-06
 2164 1.993592e-05
 2166 1.465386e-05
 2167 1.301356e-06
 2168 8.058859e-06
 2169 4.485809e-06
 2170 1.328350e-05
 2172 7.272920e-06
 2173 1.181209e-05
 2174 1.428950e-05
 2175 1.836927e-05
 2176 3.240848e-05
 2177 1.369911e-06
 2178 -6.607796e-06
 2179 9.294408e-06
 2180 9.142836e-06
 2181 4.262337e-06
 2182 -4.291518e-06
 2184 2.824315e-05
 2186 1.488888e-06
 2187 -1.115154e-06
 2189 1.217244e-05
 2190 1.063556e-05
 2191 3.928538e-06
 2192 1.041711e-05
 2193 4.298062e-06
 2195 2.925469e-05
 2196 1.431124e-05
 2197 -1.741644e-06
 2198 1.253828e-05
 2199 -8.431968e-07
 2201 2.141745e-05
 2202 1.051973e-05
 2204 1.821116e-05
 2206 5.523731e-06
 2207 7.353404e-06
 2208 -8.515174e-06
 2209 5.397676e-06
 2210 4.588141e-07
 2211 2.738343e-06
 2212 9.346532e-07
 2214 4.862694e-06
 2215 -3.315913e-06
 2216 -5.349625e-06
 2217 7.072901e-06
 2218 1.627880e-05
 2219 2.411730e-05
 2220 -1.438404e-06
 2221 9.527029e-06
 2222 7.647187e-06
 2223 4.228061e-06
 2225 1.041931e-05
 2226 7.319481e-08
 2227 -5.029722e-06
 2228 5.671809e-06
 2229 1.734475e-05
 2231 -4.881827e-06
 2233 8.361060e-06
 2234 9.365123e-06
 2235 5.310134e-06
 2236 -4.708715e-06
 2237 6.758093e-06
 2239 6.372457e-06
 2240 1.039346e-05
 2241 -1.043888e-06
 2242 -6.436946e-06
 2243 7.147894e-06
 2244 -6.358852e-06
 2246 1.020312e-05
 2247 6.688870e-06
 2248 9.814494e-07
 2249 9.171654e-06
 2250 5.451441e-06
 2251 -8.374936e-06
 2252 1.509819e-06
 2253 -4.028582e-06
 2254 8.776936e-06
 2255 1.635578e-06
 2256 6.202709e-06
 2257 -7.426696e-07
 2258 -5.117516e-06
 2259 6.308196e-06
 2260 -3.721483e-06
 2261 3.738818e-06
 2262 2.755388e-06
 2263 2.025824e-05
 2265 1.106512e-05
 2266 7.939846e-06
 2267 5.817022e-06
 2268 -1.673347e-06
 2270 9.839269e-06
 2272 -9.805051e-06
 2273 2.661278e-06
 2274 -6.199247e-07
 2276 9.933395e-07
 2277 -1.113498e-06
 2278 -3.260742e-06
 2279 8.514171e-06
 2280 -5.993969e-06
 2281 7.224845e-06
 2282 -1.034942e-06
 2283 2.392787e-07
 2284 -4.003363e-06
 2285 1.785371e-05
 2286 3.983836e-06
 2287 -6.191453e-07
 2288 1.015932e-05
 2290 3.695345e-06
 2291 1.360470e-05
 2292 8.125712e-06
 2294 1.235562e-05
 2297 7.487707e-08
 2298 -2.949791e-06
 2299 1.154401e-05
 2300 8.309427e-06
 2304 5.428623e-06
 2305 -7.773700e-06
 2306 4.109190e-07
 2307 3.021987e-06
 2308 1.888701e-05
 2310 1.791319e-05
 2312 7.995710e-06
 2313 -1.606219e-06
 2315 5.915816e-06
 2316 -2.990102e-06
 2317 8.036392e-06
 2318 1.214625e-05
 2319 1.638983e-05
 2320 4.090418e-06
 2321 -8.183273e-07
 2322 7.593638e-07
 2324 1.394558e-05
 2325 9.330436e-06
 2326 -3.457184e-06
 2327 9.540011e-06
 2329 -1.668904e-06
 2330 1.351290e-05
 2331 8.927794e-06
 2332 1.192986e-05
 2333 2.346860e-05
 2334 1.671951e-05
 2336 1.830759e-05
 2337 -3.668135e-06
 2338 7.225773e-06
 2339 9.724161e-07
 2340 8.662067e-06
 2341 -1.128876e-06
 2344 2.962743e-05
 2347 1.022289e-05
 2348 5.418025e-06
 2349 1.805335e-05
 2350 6.349112e-06
 2352 1.178354e-05
 2353 1.133647e-05
 2354 2.159660e-05
 2355 2.601503e-05
 2357 1.369912e-05
 2358 1.449866e-06
 2360 2.000394e-05
 2361 1.913417e-05
 2362 2.742224e-05
 2364 1.378667e-05
 2366 1.641808e-05
 2367 2.250440e-07
 2368 1.287442e-06
 2369 1.464400e-05
 2370 1.092731e-05
 2371 1.552978e-05
 2373 -1.305825e-06
 2374 1.387407e-05
 2375 1.532251e-06
 2376 3.163183e-05
 2377 1.521103e-05
 2378 1.770547e-05
 2379 3.597821e-05
 2381 2.907604e-05
 2382 1.094770e-05
 2383 8.978751e-06
 2385 1.613820e-05
 2388 3.073791e-05
 2389 1.513456e-05
 2390 1.551351e-05
 2391 2.344917e-05
 2393 1.138007e-05
 2394 1.569217e-05
 2395 7.635263e-06
 2396 1.372677e-05
 2398 1.760322e-05
 2399 2.771106e-05
 2400 3.434314e-05
 2401 6.455757e-06
 2402 1.598550e-05
 2403 -9.693559e-08
 2404 1.166780e-05
 2405 3.899459e-05
 2406 1.396277e-05
 2407 1.471603e-05
 2408 8.674340e-06
 2409 3.840022e-05
 2410 2.329335e-06
 2413 7.484377e-06
 2414 3.418540e-05
 2415 1.317061e-05
 2416 2.244223e-06
 2417 9.823326e-07
 2419 4.119239e-05
 2420 6.469487e-06
 2421 3.875180e-05
 2422 2.040561e-05
 2423 1.662352e-05
 2424 1.653945e-05
 2425 8.029783e-06
 2426 4.567965e-05
 2429 5.426579e-06
 2430 1.909370e-05
 2431 1.289538e-05
 2432 1.352752e-05
 2433 2.500980e-05
 2434 3.654452e-05
 2435 2.622044e-07
 2436 2.060052e-06
 2437 2.404270e-05
 2439 2.123379e-05
 2440 5.005282e-06
 2441 1.633998e-05
 2442 2.071179e-05
 2444 2.444617e-05
 2445 3.547029e-05
 2447 1.038377e-05
 2448 2.797542e-05
 2449 1.694278e-05
 2450 4.357318e-05
 2452 1.431979e-05
 2453 1.679854e-05
 2454 2.543048e-05
 2457 1.390300e-06
 2459 4.575857e-05
 2461 9.004266e-06
 2462 2.495132e-05
 2463 8.479297e-06
 2464 1.341965e-05
 2465 1.035983e-05
 2466 2.217145e-05
 2467 2.922289e-05
 2468 2.944625e-06
 2469 1.955888e-05
 2470 2.889890e-05
 2471 1.445722e-05
 2472 6.152874e-06
 2473 1.834166e-06
 2474 -1.002666e-07
 2475 1.426673e-05
 2476 3.213477e-05
 2477 2.261298e-05
 2479 2.294389e-05
 2480 8.738070e-06
 2481 1.049752e-05
 2484 2.221840e-05
 2485 1.421772e-05
 2486 1.076540e-05
 2489 2.474296e-05
 2490 2.897145e-05
 2491 1.829887e-05
 2492 1.195836e-05
 2493 2.245598e-05
 2494 1.147766e-05
 2496 2.775764e-05
 2497 7.862325e-06
 2498 -1.743677e-06
 2499 1.719076e-05
