    8 3.018612e-06
   11 4.409430e-06
   16 7.091881e-05
   18 7.560479e-06
   23 8.344829e-05
   24 3.411276e-06
   25 7.744985e-06
   29 7.977187e-06
   32 3.112939e-04
   33 7.098065e-06
   34 4.119607e-06
   36 1.594607e-04
   40 1.133654e-05
   41 6.700508e-06
   43 7.315958e-06
   45 3.726841e-04
   47 7.356743e-06
   48 6.823273e-05
   49 6.369959e-06
   51 1.486108e-04
   54 6.931438e-06
   56 3.075393e-06
   57 9.665259e-06
   58 1.564457e-04
   61 6.598893e-06
   62 7.336148e-06
   64 2.821423e-04
   66 1.279353e-04
   68 7.870754e-05
   69 6.611884e-06
   72 5.696653e-04
   74 1.194677e-05
   75 6.364263e-06
   76 5.672892e-06
   79 8.816097e-06
   80 1.889397e-04
   82 1.143865e-04
   84 5.134448e-06
   85 5.821756e-06
   86 1.132391e-04
   87 5.479103e-06
   88 7.210295e-06
   89 1.021953e-05
   91 2.588143e-04
   93 1.106997e-04
   94 4.733704e-06
   96 2.116036e-04
   97 9.921595e-05
   98 4.871728e-06
   99 4.367398e-06
  100 4.700881e-06
  101 4.075987e-04
  102 1.043582e-04
  104 1.484166e-05
  105 3.998882e-06
  107 9.472215e-05
  108 4.335212e-06
  109 8.136152e-06
  111 7.987049e-06
  112 4.184963e-05
  113 1.202509e-04
  114 3.965658e-06
  115 3.714148e-04
  116 7.617773e-05
  118 3.634741e-06
  119 7.131483e-06
  120 8.446028e-06
  121 3.191415e-06
  122 7.780540e-05
  124 4.851019e-06
  125 7.495778e-05
  126 6.371032e-06
  128 1.355255e-04
  129 1.286399e-04
  130 5.896113e-06
  131 3.014911e-06
  132 2.586278e-04
  133 2.874582e-06
  134 2.678802e-06
  136 1.388558e-04
  137 5.731156e-05
  138 5.878074e-05
  140 7.328441e-06
  142 7.215285e-06
  143 2.206652e-04
  144 3.011140e-05
  145 4.598164e-05
  146 2.118964e-06
  147 5.431946e-06
  148 9.045971e-05
  149 4.149260e-06
  150 2.035890e-06
  151 4.340035e-05
  152 4.407565e-05
  153 3.801780e-06
  154 5.604265e-06
  155 5.471673e-06
  157 1.730036e-06
  158 5.747538e-05
  159 3.375115e-06
  160 2.359832e-04
  161 3.551198e-05
  162 4.704157e-06
  163 1.437390e-04
  164 1.521424e-06
  165 3.626641e-05
  166 1.447847e-06
  167 3.017667e-05
  168 3.428474e-06
  169 2.684923e-06
  170 3.174880e-05
  171 2.566935e-06
  172 1.206918e-04
  173 2.767636e-05
  175 3.500902e-06
  176 1.580659e-05
  177 2.533963e-05
  178 2.180465e-06
  179 4.607112e-05
  180 3.118287e-06
  181 4.921840e-05
  182 4.264903e-05
  183 1.924717e-06
  184 2.374317e-06
  185 1.871719e-06
  186 1.814136e-06
  187 1.053993e-04
  188 8.728947e-07
  189 8.150393e-07
  190 2.454055e-06
  191 7.787100e-07
  192 4.030848e-05
  193 5.088054e-05
  194 7.166687e-07
  195 8.748057e-05
  196 7.272086e-07
  197 6.829190e-07
  198 1.694685e-05
  199 6.319390e-07
  200 1.605797e-05
  201 1.942632e-06
  202 6.098461e-05
  203 6.263931e-07
  204 8.489985e-06
  205 5.533472e-05
  206 1.123328e-06
  208 1.961120e-05
  209 2.437669e-05
  210 1.275179e-05
  211 1.496220e-06
  212 5.183941e-07
  213 1.197491e-05
  215 5.823720e-05
  216 1.181290e-06
  217 9.551990e-07
  218 2.063527e-05
  219 4.449113e-07
  220 1.326787e-06
  221 1.289886e-06
  222 1.022719e-05
  223 9.766934e-06
  224 2.166735e-05
  225 1.044520e-05
  226 6.237630e-05
  227 9.469302e-06
  228 8.128033e-07
  229 1.854295e-05
  230 4.031942e-07
  231 4.091561e-05
  232 9.937496e-07
  233 4.123434e-05
  234 7.909917e-07
  235 1.189470e-06
  236 9.292771e-06
  237 7.940753e-07
  238 1.795529e-05
  239 7.951288e-07
  240 1.451328e-05
  241 9.291466e-06
  242 8.682244e-06
  243 1.623656e-06
  244 5.010485e-05
  245 9.188897e-06
  246 8.355916e-07
  247 8.503152e-07
  248 9.716484e-06
  249 6.773148e-06
  250 5.690417e-05
  251 2.148750e-06
  253 2.013846e-05
  254 1.321634e-06
  255 1.489189e-06
  256 2.949432e-05
  257 3.972052e-07
  258 1.002814e-04
  259 4.115871e-07
  260 2.223857e-05
  261 1.509875e-06
  262 1.376047e-05
  263 4.771964e-07
  264 4.596300e-05
  265 1.232242e-05
  266 1.522361e-05
  267 1.052570e-06
  268 1.187623e-05
  269 1.725328e-06
  270 4.726953e-07
  271 1.135356e-06
  272 7.678396e-05
  273 5.560340e-05
  274 1.149319e-05
  275 6.658671e-05
  276 1.334970e-05
  277 1.399939e-06
  278 1.805132e-06
  279 2.700873e-05
  280 1.700476e-05
  281 1.682451e-06
  282 1.248244e-06
  283 1.927385e-05
  284 1.560148e-05
  285 1.707208e-05
  286 7.163762e-05
  287 2.022798e-06
  288 7.107132e-05
  289 2.852458e-06
  290 5.758062e-05
  291 3.583980e-06
  292 1.310116e-05
  293 2.252170e-06
  294 4.518214e-05
  295 1.512181e-04
  296 3.122136e-06
  297 2.887321e-06
  298 2.114135e-05
  299 1.667751e-05
  300 3.484789e-06
  301 2.119775e-05
  302 9.015025e-05
  303 6.969358e-07
  304 9.804153e-05
  305 3.644868e-06
  306 3.942326e-05
  307 2.368963e-05
  308 3.617256e-05
  309 2.194434e-05
  311 4.109432e-05
  312 6.530034e-06
  313 1.727106e-06
  314 2.017998e-05
  315 9.263902e-05
  316 2.448014e-05
  317 5.674871e-05
  318 2.597573e-05
  319 2.184457e-05
  320 1.617898e-04
  321 1.656585e-06
  322 1.013161e-04
  323 1.164813e-06
  324 6.349386e-05
  325 1.969400e-06
  326 8.473568e-05
  327 2.065092e-06
  328 3.074721e-05
  329 1.093714e-04
  330 6.837579e-05
  331 4.140110e-06
  332 9.071059e-07
  333 2.971488e-05
  334 9.425067e-05
  335 2.405475e-06
  336 5.498606e-05
  337 1.855889e-06
  338 4.593504e-05
  339 5.387828e-05
  340 1.267629e-04
  341 2.120247e-06
  342 4.941458e-05
  344 3.186251e-05
  345 1.241134e-04
  346 1.181790e-04
  347 6.376542e-06
  348 1.067853e-06
  349 2.545340e-05
  350 9.036170e-07
  351 8.213801e-05
  352 8.991214e-05
  353 8.656564e-05
  354 2.631372e-05
  355 4.944520e-05
  356 2.195007e-06
  357 4.511069e-06
  358 1.979702e-04
  359 3.178013e-06
  360 5.182843e-05
  361 2.315708e-05
  362 6.863931e-05
  363 2.922995e-05
  364 4.388414e-06
  365 2.365458e-04
  366 2.643314e-05
  367 2.926370e-06
  368 5.745195e-05
  369 4.663719e-05
  370 3.150357e-06
  371 2.232789e-05
  372 2.659335e-05
  373 1.140071e-04
  374 4.707284e-05
  375 1.248650e-04
  376 6.587912e-06
  377 2.434666e-05
  378 2.732337e-05
  379 3.010229e-05
  380 4.514498e-05
  381 2.059552e-06
  382 2.754280e-05
  383 4.026295e-06
  384 6.085183e-05
  385 2.260791e-04
  386 5.042233e-06
  387 1.626149e-04
  388 3.783661e-06
  389 8.109134e-05
  390 2.410854e-05
  391 1.087947e-04
  392 2.312827e-05
  393 2.645778e-06
  394 2.603939e-05
  395 4.507534e-05
  396 1.049724e-04
  397 2.890626e-05
  398 2.753998e-06
  399 2.854082e-06
  400 6.719185e-05
  401 1.286035e-04
  402 6.430003e-06
  403 1.811459e-05
  404 2.449723e-05
  405 9.764304e-05
  406 4.309269e-06
  407 4.872929e-05
  408 6.034109e-05
  409 2.275256e-05
  410 1.094723e-04
  411 1.941731e-05
  412 3.161255e-06
  413 2.437137e-05
  414 1.609953e-06
  415 3.689557e-05
  416 1.225707e-04
  417 1.439369e-04
  418 2.961137e-06
  419 3.777415e-05
  420 3.565597e-05
  421 6.290175e-05
  422 3.637360e-05
  423 1.786463e-05
  424 1.755098e-05
  425 1.872212e-05
  426 1.988205e-05
  427 6.123725e-05
  428 2.618360e-06
  429 6.724537e-05
  430 1.130008e-05
  431 1.133208e-04
  432 3.370817e-05
  433 1.609187e-05
  434 2.502895e-06
  435 1.323491e-04
  436 3.164583e-06
  437 3.952449e-05
  438 2.277040e-06
  439 2.570013e-05
  440 1.479775e-05
  441 1.680154e-05
  442 2.272134e-06
  443 2.518237e-05
  444 1.490487e-05
  445 6.596751e-05
  446 6.015091e-05
  447 2.083376e-06
  448 4.485216e-05
  449 4.379098e-05
  450 2.362792e-06
  451 3.124585e-05
  452 1.040798e-05
  453 8.631729e-05
  454 1.761265e-06
  455 6.467316e-05
  456 2.702957e-06
  457 1.596400e-06
  458 9.744507e-05
  459 2.443921e-06
  460 1.579745e-06
  461 9.084628e-06
  462 4.908681e-05
  463 7.114929e-07
  464 2.214641e-05
  465 2.440648e-05
  466 5.660575e-05
  467 8.213756e-06
  468 8.124251e-06
  469 1.356634e-06
  470 1.971237e-06
  471 2.144341e-05
  472 3.244817e-05
  473 8.123151e-06
  474 7.622055e-06
  475 1.076556e-05
  476 5.856172e-05
  477 1.325893e-05
  478 5.349820e-07
  479 6.892345e-06
  480 5.067614e-05
  481 3.529916e-05
  482 6.690305e-06
  483 1.453706e-06
  484 2.853277e-05
  485 6.981474e-07
  486 5.756927e-06
  487 3.774975e-05
  488 2.831919e-05
  489 1.072065e-06
  490 2.596054e-05
  491 5.745658e-06
  492 8.204312e-07
  493 9.779049e-06
  494 9.071145e-06
  495 1.162620e-06
  496 1.083650e-05
  497 2.671763e-05
  498 1.857602e-05
  499 1.258447e-06
  500 2.208386e-05
  501 2.246708e-05
  502 1.511640e-05
  503 5.076597e-07
  504 1.419266e-06
  505 4.813791e-06
  506 3.342665e-05
  507 7.975506e-07
  508 1.093404e-05
  509 4.515905e-06
  510 7.792826e-06
  511 3.845461e-06
  512 1.785095e-05
  513 1.481167e-05
  514 3.878725e-06
  515 7.823578e-06
  516 3.348674e-05
  517 1.553010e-05
  518 3.216280e-06
  519 4.409372e-06
  520 2.896868e-06
  521 3.391258e-05
  522 8.388135e-06
  523 3.788116e-06
  524 7.346146e-06
  525 1.689667e-05
  526 4.833451e-06
  527 6.227447e-07
  528 2.274644e-05
  529 3.707358e-06
  530 2.364171e-05
  531 6.342298e-07
  532 1.413837e-05
  533 2.229551e-05
  534 4.076430e-06
  535 4.787191e-06
  536 1.631449e-05
  537 8.512794e-06
  538 1.274521e-05
  539 1.066817e-06
  540 4.224543e-06
  541 9.098050e-06
  542 9.030866e-07
  543 1.487119e-05
  544 4.074897e-05
  545 3.820618e-05
  546 8.910223e-06
  547 2.790978e-05
  548 1.665475e-05
  549 1.894075e-06
  550 4.321366e-06
  551 2.951541e-05
  552 2.766771e-05
  553 5.806910e-06
  554 7.106401e-06
  555 1.733075e-05
  556 9.288344e-07
  557 1.214132e-05
  558 5.965841e-06
  559 4.508777e-05
  560 4.049436e-05
  561 5.572887e-06
  562 1.124717e-05
  563 6.086424e-06
  564 1.153706e-05
  565 7.583178e-06
  566 4.874436e-05
  567 3.855751e-05
  568 1.275299e-05
  569 2.631712e-06
  570 3.576993e-05
  571 6.474632e-06
  572 3.871253e-05
  573 9.622394e-06
  574 2.059365e-05
  575 1.919954e-06
  576 1.845962e-05
  577 1.000128e-04
  578 2.134459e-05
  579 2.008632e-06
  580 5.058181e-05
  581 1.437565e-06
  582 3.818898e-05
  583 2.330494e-06
  584 3.114053e-05
  585 1.939990e-06
  586 1.094792e-05
  587 6.484844e-05
  588 6.127625e-05
  589 1.234584e-05
  590 8.845504e-05
  591 2.909945e-06
  592 3.011178e-05
  593 7.853685e-06
  594 2.586087e-05
  595 7.715906e-05
  596 1.931086e-06
  597 1.816672e-05
  598 3.738793e-05
  599 1.235579e-05
  600 2.366758e-05
  601 6.980454e-05
  602 2.289842e-05
  603 1.892551e-05
  604 5.163845e-05
  605 1.583305e-05
  606 1.219629e-05
  607 4.313669e-05
  608 5.149826e-05
  609 6.534262e-05
  610 1.015926e-05
  611 1.038508e-04
  612 2.648600e-05
  613 3.189266e-05
  614 1.885923e-06
  615 6.253802e-05
  616 1.042531e-04
  617 1.774328e-05
  618 8.114743e-05
  619 4.735744e-06
  620 3.520646e-06
  621 1.035974e-04
  622 2.686688e-05
  623 4.348892e-05
  624 2.708580e-05
  625 3.509181e-05
  626 2.580930e-05
  627 3.656678e-05
  628 4.523486e-06
  629 5.720590e-05
  630 7.132315e-05
  631 8.645675e-05
  632 3.315208e-06
  633 2.608893e-05
  634 6.386923e-05
  635 8.503986e-05
  636 2.181229e-06
  637 5.427747e-05
  638 5.331909e-05
  639 2.968567e-05
  640 1.125542e-04
  641 4.527452e-05
  642 1.355282e-05
  643 5.700977e-05
  644 8.805042e-05
  645 5.605604e-05
  646 2.057968e-05
  647 6.055559e-05
  648 1.381875e-04
  649 2.144290e-06
  650 2.921438e-05
  651 3.292195e-05
  652 3.655008e-06
  653 9.040191e-05
  654 1.482650e-05
  655 5.614638e-06
  656 3.818318e-05
  657 9.804001e-05
  658 5.537385e-05
  659 7.645945e-05
  660 1.780953e-04
  661 2.807144e-05
  662 2.121341e-05
  663 2.585799e-05
  664 1.667382e-05
  665 2.661187e-05
  666 8.593038e-05
  667 1.721353e-05
  668 9.754930e-05
  669 1.680848e-05
  670 3.279912e-05
  671 4.764482e-06
  672 6.043351e-05
  673 1.328366e-04
  674 2.632968e-05
  675 1.364234e-04
  676 4.000348e-06
  677 1.381982e-05
  678 5.630445e-05
  679 1.226391e-04
  680 8.571525e-05
  681 4.108347e-05
  682 1.787118e-05
  683 3.854302e-06
  684 8.517227e-05
  685 6.929838e-05
  686 5.881400e-06
  687 8.359104e-05
  688 4.401918e-05
  689 7.777614e-05
  690 2.688500e-05
  691 7.571042e-05
  692 7.815581e-05
  693 2.403653e-05
  694 1.397594e-05
  695 6.089888e-05
  696 6.125300e-06
  697 2.627275e-05
  698 1.774850e-05
  699 6.071135e-05
  700 1.216140e-05
  701 3.622999e-05
  702 1.147051e-04
  703 9.008706e-05
  704 4.232467e-05
  705 9.970645e-05
  706 3.468495e-05
  707 5.403840e-05
  708 4.889287e-05
  709 3.533428e-05
  710 2.112703e-05
  711 1.062903e-04
  712 6.227471e-06
  713 2.467965e-05
  714 4.589856e-05
  715 1.407027e-05
  716 1.101963e-04
  717 1.364784e-05
  718 3.258504e-06
  719 1.112618e-04
  720 2.734171e-05
  721 1.074230e-05
  722 4.759028e-05
  723 2.977810e-05
  724 7.585604e-05
  725 5.949448e-05
  726 1.967124e-05
  727 1.275737e-05
  728 1.341327e-05
  729 1.780186e-05
  730 1.361305e-04
  731 4.845637e-05
  732 3.126510e-06
  733 2.107068e-05
  734 2.576402e-05
  735 1.234074e-05
  736 3.344568e-05
  737 8.137110e-05
  738 4.119833e-05
  739 6.371908e-05
  740 2.421816e-05
  741 1.946603e-05
  742 3.936452e-05
  743 1.733284e-06
  744 5.834714e-05
  745 8.535370e-06
  746 5.244620e-05
  747 7.069641e-05
  748 1.077402e-05
  749 3.810791e-05
  750 4.921831e-05
  751 8.864494e-06
  752 3.279038e-05
  753 3.310021e-05
  754 1.315266e-05
  755 5.292723e-05
  756 6.682500e-06
  757 7.554673e-06
  758 1.375695e-05
  759 5.579506e-05
  760 1.919482e-05
  761 5.029311e-05
  762 9.305337e-06
  763 3.400802e-05
  764 7.658584e-06
  765 1.241917e-05
  766 1.793912e-05
  767 6.927058e-06
  768 2.690567e-05
  769 6.361102e-05
  770 1.256735e-05
  771 4.545261e-05
  772 1.992744e-05
  773 2.823527e-05
  774 4.577122e-05
  775 2.935172e-05
  776 9.833912e-06
  777 7.650421e-06
  778 6.090255e-06
  779 3.653174e-05
  780 1.382037e-05
  781 3.502720e-05
  782 9.799601e-06
  783 5.285530e-06
  784 2.302080e-05
  785 2.347869e-05
  786 1.776601e-06
  787 2.631286e-05
  788 1.514588e-05
  789 4.629393e-06
  790 3.691284e-05
  791 5.070935e-06
  792 3.915380e-05
  793 4.902511e-06
  794 1.431796e-05
  795 2.145952e-05
  796 1.035758e-05
  797 7.373140e-06
  798 1.789865e-06
  799 4.699700e-06
  800 4.346951e-05
  801 1.856906e-05
  802 1.546427e-05
  803 2.904220e-05
  804 1.532071e-05
  805 1.002327e-05
  806 1.221377e-05
  807 6.383457e-06
  808 1.746439e-05
  809 6.926167e-06
  810 2.945605e-05
  811 6.152001e-06
  812 3.896415e-06
  813 6.144907e-06
  814 5.897610e-07
  815 1.572134e-05
  816 4.258652e-05
  817 1.373674e-05
  818 1.305862e-05
  819 5.457236e-06
  820 2.937753e-05
  821 3.828015e-06
  822 5.653236e-06
  823 1.355160e-05
  824 7.971607e-06
  825 3.616235e-06
  826 2.348131e-05
  827 6.112406e-06
  828 3.669771e-06
  829 2.890739e-06
  830 2.311334e-05
  831 1.061633e-05
  832 2.656956e-05
  833 1.161662e-05
  834 2.274631e-05
  835 1.036534e-05
  836 2.805614e-06
  837 4.977162e-06
  838 3.416616e-05
  839 3.393330e-06
  840 2.983857e-05
  841 3.825533e-06
  842 1.558499e-05
  843 4.186505e-06
  844 5.882330e-06
  845 4.243510e-05
  846 3.296890e-06
  847 1.286360e-05
  848 1.071316e-05
  849 1.168236e-05
  850 2.056463e-05
  851 3.214070e-06
  852 2.704263e-05
  853 8.937680e-06
  854 1.157390e-05
  855 9.574325e-06
  856 4.371292e-06
  857 4.391001e-06
  858 9.196875e-06
  859 2.176845e-05
  860 1.846008e-05
  861 2.185582e-05
  862 4.219281e-05
  863 8.110354e-06
  864 8.325233e-06
  865 3.767763e-05
  866 2.495314e-05
  867 8.443784e-06
  868 7.215063e-06
  869 1.489965e-05
  870 3.755475e-05
  871 1.144603e-05
  872 5.977618e-06
  873 4.178512e-05
  874 2.193152e-05
  875 1.268159e-05
  876 3.883804e-06
  877 1.361056e-05
  878 1.610793e-06
  879 3.415455e-05
  880 2.986741e-05
  881 1.869110e-05
  882 1.307131e-05
  883 2.912543e-05
  884 1.417779e-05
  885 4.191386e-05
  886 8.421584e-06
  887 2.864909e-05
  888 1.224391e-05
  889 3.362086e-05
  890 2.556638e-05
  891 2.459085e-05
  892 9.646710e-06
  893 2.340050e-05
  894 2.065812e-05
  895 1.158778e-05
  896 2.245837e-05
  897 6.549197e-05
  898 1.694645e-05
  899 2.222963e-06
  900 1.102766e-05
  901 4.909749e-05
  902 3.640724e-05
  903 3.191382e-05
  904 5.815867e-06
  905 3.922196e-05
  906 7.143899e-05
  907 5.417099e-06
  908 1.242136e-05
  909 1.311473e-05
  910 5.903015e-05
  911 2.884171e-05
  912 2.463201e-05
  913 1.305920e-05
  914 1.246897e-05
  915 3.073372e-05
  916 7.197413e-05
  917 3.973641e-05
  918 1.430083e-05
  919 1.859072e-05
  920 1.410141e-05
  921 3.485071e-05
  922 9.279993e-06
  923 4.975602e-05
  924 2.811837e-05
  925 1.486320e-05
  926 1.182134e-05
  927 7.724919e-06
  928 7.082702e-05
  929 3.590708e-05
  930 8.203579e-05
  931 2.365298e-05
  932 4.318880e-05
  933 7.614865e-05
  934 4.491769e-06
  935 4.412543e-05
  936 2.042760e-05
  937 2.905757e-05
  938 1.545393e-05
  939 3.284532e-05
  940 9.910763e-06
  941 7.506865e-05
  942 3.557732e-05
  943 7.414397e-06
  944 8.472670e-06
  945 9.578054e-05
  946 1.325551e-05
  947 2.605918e-05
  948 3.040272e-05
  949 6.940070e-06
  950 5.974409e-05
  951 8.046696e-05
  952 2.237268e-05
  953 2.083194e-05
  954 1.675544e-05
  955 7.176206e-05
  956 8.692976e-06
  957 2.147405e-05
  958 1.545812e-06
  959 5.177623e-05
  960 6.101796e-05
  961 6.315948e-05
  962 3.930919e-05
  963 8.507495e-05
  964 2.432154e-06
  965 2.997501e-05
  966 9.319944e-06
  967 7.698013e-05
  968 2.367865e-05
  969 1.534258e-05
  970 1.671828e-05
  971 7.197071e-06
  972 3.903261e-05
  973 1.055733e-04
  974 2.265962e-05
  975 6.363080e-05
  976 1.394658e-05
  977 6.266065e-05
  978 1.763750e-05
  979 2.951456e-05
  980 4.186455e-05
  981 2.709441e-05
  982 5.502153e-05
  983 7.075476e-06
  984 1.559828e-05
  985 1.854148e-05
  986 6.234486e-05
  987 3.079719e-05
  988 5.881146e-05
  989 6.260664e-06
  990 2.763558e-05
  991 8.969375e-06
  992 3.352708e-05
  993 4.790620e-05
  994 7.164745e-05
  995 3.000029e-05
  996 3.747531e-05
  997 5.726448e-05
  998 2.744291e-05
  999 1.511820e-05
 1000 5.101311e-05
 1001 7.393015e-06
 1002 7.665353e-05
 1003 9.681769e-06
 1004 5.155548e-05
 1005 5.384694e-05
 1006 2.717767e-06
 1007 3.546635e-05
 1008 1.345817e-05
 1009 3.121679e-05
 1010 3.606812e-05
 1011 1.037873e-05
 1012 5.490246e-05
 1013 2.179040e-05
 1014 9.613925e-06
 1015 8.439134e-06
 1016 3.991706e-05
 1017 4.596390e-05
 1018 5.025746e-05
 1019 1.276719e-05
 1020 2.864785e-05
 1021 3.905984e-05
 1022 3.022169e-05
 1023 1.006974e-05
 1024 7.804527e-05
 1025 1.531438e-05
 1026 2.366501e-05
 1027 1.509461e-05
 1028 2.008920e-05
 1029 7.833151e-06
 1030 6.339554e-05
 1031 1.150641e-05
 1032 4.431759e-05
 1033 2.535537e-05
 1034 2.751788e-05
 1035 1.172227e-05
 1036 1.884129e-05
 1037 6.058388e-06
 1038 4.097628e-05
 1039 4.206532e-06
 1040 2.366021e-05
 1041 2.006061e-05
 1042 5.227035e-05
 1043 2.023308e-05
 1044 6.526066e-06
 1045 4.442607e-05
 1046 2.290940e-05
 1047 1.306651e-05
 1048 3.677662e-05
 1049 4.505934e-06
 1050 2.208235e-05
 1051 1.141498e-06
 1052 2.129864e-05
 1053 2.767154e-05
 1054 8.489422e-06
 1055 1.025391e-05
 1056 4.491420e-05
 1057 9.870364e-06
 1058 1.871641e-05
 1059 1.940538e-05
 1060 2.964298e-05
 1061 9.522595e-06
 1062 8.881656e-06
 1063 5.876423e-06
 1064 5.150121e-05
 1065 1.476769e-05
 1066 2.579869e-05
 1067 8.649997e-06
 1068 1.629182e-05
 1069 1.426552e-05
 1070 9.546574e-06
 1071 4.555062e-06
 1072 7.809767e-06
 1073 3.195305e-05
 1074 9.607808e-06
 1075 2.173732e-05
 1076 2.700134e-05
 1077 1.277154e-06
 1078 6.690443e-06
 1079 1.592277e-05
 1080 4.986078e-06
 1081 5.773345e-06
 1082 8.427314e-06
 1083 2.030751e-05
 1084 7.403367e-06
 1085 3.348564e-06
 1086 9.500098e-06
 1087 1.909961e-05
 1088 3.494673e-05
 1089 3.073222e-06
 1090 1.987009e-05
 1091 1.846539e-06
 1092 1.919728e-05
 1093 2.088445e-06
 1094 8.154657e-06
 1095 1.913434e-05
 1096 9.013698e-06
 1097 4.775272e-06
 1098 7.596670e-06
 1099 6.037732e-06
 1100 6.504961e-06
 1101 9.950286e-06
 1102 1.192054e-05
 1103 1.494129e-05
 1104 4.273598e-06
 1105 1.208283e-05
 1106 4.216132e-06
 1107 2.722821e-06
 1108 3.099421e-06
 1109 1.770287e-05
 1110 7.773568e-06
 1111 1.425327e-05
 1112 2.164922e-06
 1113 5.711507e-06
 1114 5.967281e-06
 1115 7.111799e-06
 1116 7.930293e-06
 1117 3.112910e-06
 1118 1.143547e-05
 1119 1.214162e-06
 1120 1.913107e-05
 1121 5.491361e-06
 1122 2.953422e-06
 1123 7.452183e-06
 1124 8.867659e-06
 1125 6.213746e-06
 1126 2.805977e-06
 1127 9.898074e-06
 1128 2.691766e-06
 1129 1.770045e-06
 1130 2.949167e-06
 1131 1.665731e-05
 1132 1.017460e-05
 1133 5.526710e-06
 1134 4.241217e-06
 1135 1.042374e-05
 1136 1.071916e-05
 1137 2.857210e-06
 1138 3.225821e-06
 1139 1.098180e-05
 1140 1.975935e-06
 1141 2.086043e-06
 1142 5.906114e-06
 1143 3.789981e-06
 1144 6.161724e-06
 1145 1.162573e-05
 1146 6.398196e-06
 1147 1.180025e-05
 1148 5.286990e-07
 1149 6.359467e-06
 1150 4.282580e-06
 1151 4.824751e-07
 1152 8.083114e-06
 1153 3.619571e-06
 1154 2.069271e-05
 1155 5.426122e-06
 1156 1.355482e-05
 1157 1.019215e-06
 1158 3.896315e-06
 1159 6.959462e-06
 1160 1.788210e-05
 1161 3.813681e-06
 1162 2.990292e-06
 1163 1.094369e-05
 1164 1.980243e-06
 1165 1.782215e-05
 1166 3.628758e-06
 1167 6.250730e-06
 1168 9.610751e-06
 1169 4.323445e-06
 1170 2.828500e-06
 1171 3.029131e-06
 1172 1.253460e-05
 1173 1.139922e-06
 1174 1.635956e-05
 1175 1.071560e-05
 1176 3.268160e-06
 1177 2.358786e-05
 1178 2.511990e-06
 1179 4.282123e-06
 1180 1.469171e-05
 1181 1.520161e-05
 1182 2.644508e-06
 1183 3.733550e-06
 1184 2.104045e-05
 1185 4.200310e-06
 1186 7.364030e-06
 1187 7.658389e-06
 1188 1.685180e-05
 1189 1.670905e-05
 1190 9.667512e-06
 1191 1.644722e-05
 1192 4.300916e-06
 1193 1.287701e-06
 1194 8.507979e-06
 1195 1.386982e-05
 1196 8.262740e-06
 1197 5.826388e-06
 1198 1.147005e-05
 1199 2.104539e-05
 1200 9.811088e-06
 1201 1.210576e-05
 1202 1.238426e-05
 1203 1.791517e-05
 1204 4.397069e-06
 1205 2.493834e-05
 1206 8.182147e-06
 1207 7.674549e-06
 1208 1.160455e-05
 1209 7.162488e-06
 1210 1.491765e-05
 1211 1.776373e-05
 1212 5.187064e-06
 1213 9.092794e-06
 1214 7.603691e-06
 1215 8.571754e-06
 1216 2.998000e-05
 1217 8.835451e-06
 1218 6.345297e-06
 1219 2.958963e-05
 1220 9.226348e-06
 1221 7.015646e-06
 1222 1.377221e-05
 1223 1.769164e-05
 1224 1.058166e-05
 1225 3.720992e-05
 1226 1.432724e-05
 1227 9.244950e-06
 1228 1.645329e-06
 1229 1.437724e-05
 1230 1.073339e-05
 1231 2.857881e-05
 1232 9.184006e-06
 1233 6.669044e-06
 1234 1.311548e-05
 1235 3.390191e-05
 1236 1.859521e-05
 1237 4.614772e-06
 1238 9.737512e-06
 1239 1.143100e-05
 1240 1.007625e-05
 1241 1.125028e-06
 1242 8.740358e-06
 1243 2.158064e-05
 1244 7.914185e-07
 1245 4.451003e-05
 1246 3.000608e-05
 1247 4.953919e-06
 1248 2.320711e-05
 1249 6.148363e-06
 1250 2.699450e-05
 1251 5.606896e-06
 1252 2.672257e-05
 1253 8.025726e-06
 1254 5.477856e-06
 1255 2.923399e-05
 1256 1.152039e-05
 1257 1.532748e-05
 1258 1.347231e-05
 1259 1.129742e-05
 1260 1.571314e-05
 1261 2.268566e-05
 1262 1.783852e-05
 1263 8.939874e-06
 1264 6.602427e-06
 1265 1.157586e-05
 1266 1.692006e-05
 1267 2.145117e-05
 1268 2.314090e-05
 1269 2.019069e-05
 1270 2.328993e-05
 1271 2.551493e-06
 1272 6.724490e-06
 1273 2.923375e-06
 1274 4.750666e-05
 1275 1.184487e-05
 1276 4.719780e-06
 1277 6.390585e-06
 1278 1.609774e-05
 1279 1.508414e-05
 1280 2.421980e-05
 1281 1.911880e-05
 1282 1.529001e-05
 1283 3.819017e-06
 1284 1.432839e-05
 1285 9.515985e-06
 1286 6.630769e-06
 1287 1.988633e-05
 1288 2.133642e-05
 1289 9.525807e-07
 1290 4.358825e-05
 1291 6.004615e-06
 1292 1.943213e-05
 1293 7.031021e-06
 1294 5.099626e-06
 1295 1.781471e-05
 1296 2.804135e-05
 1297 1.051436e-05
 1298 6.663014e-06
 1299 1.626360e-05
 1300 6.382853e-06
 1301 7.618718e-06
 1302 1.342117e-05
 1303 2.001059e-05
 1304 4.665885e-06
 1305 1.096755e-05
 1306 2.804153e-05
 1307 1.011445e-05
 1308 2.833943e-06
 1309 1.021694e-05
 1310 5.135542e-06
 1311 4.720154e-06
 1312 1.966986e-05
 1313 1.635359e-05
 1314 1.766013e-05
 1315 3.307764e-06
 1316 2.183731e-05
 1317 1.221040e-05
 1318 1.550276e-05
 1319 2.203225e-05
 1320 3.374186e-06
 1321 3.656832e-06
 1322 6.455744e-06
 1323 1.157416e-05
 1324 1.073763e-05
 1325 1.159663e-05
 1326 1.348499e-05
 1327 2.575804e-06
 1328 1.299296e-05
 1329 1.181613e-06
 1330 3.504064e-06
 1331 1.544321e-05
 1332 1.764940e-05
 1333 9.663003e-07
 1334 9.252171e-06
 1335 1.250190e-05
 1336 1.029403e-05
 1337 1.499215e-05
 1338 6.982300e-06
 1339 2.357777e-06
 1340 1.787569e-05
 1341 3.850689e-06
 1342 4.110214e-06
 1343 4.136936e-06
 1344 9.078856e-06
 1345 4.695671e-06
 1346 1.677917e-05
 1347 6.589000e-06
 1348 3.170576e-06
 1349 7.657857e-06
 1350 1.641637e-05
 1351 1.094973e-06
 1352 4.645962e-06
 1353 3.005666e-06
 1354 5.942189e-06
 1355 1.169902e-06
 1356 4.993210e-06
 1357 1.770347e-06
 1358 2.071677e-05
 1359 1.929411e-06
 1360 7.373921e-06
 1361 1.445518e-05
 1362 3.373842e-06
 1363 2.386835e-06
 1364 7.668961e-06
 1365 5.300271e-07
 1366 7.959249e-07
 1367 1.227966e-05
 1368 2.104281e-06
 1369 3.622039e-06
 1370 7.323961e-06
 1371 2.979316e-06
 1372 1.433260e-06
 1373 2.765877e-06
 1374 4.409583e-06
 1375 5.231347e-06
 1376 5.857099e-06
 1377 4.211513e-06
 1378 3.414308e-07
 1379 2.244203e-06
 1380 6.569270e-06
 1381 3.325169e-06
 1382 6.836503e-06
 1383 1.950279e-06
 1384 -1.521028e-07
 1385 8.092353e-06
 1386 2.939687e-06
 1387 1.084798e-06
 1388 3.381938e-06
 1389 8.582146e-06
 1390 6.230727e-08
 1391 2.478511e-06
 1392 2.490811e-06
 1393 1.594552e-06
 1394 3.064324e-06
 1395 5.048076e-06
 1396 9.860357e-07
 1397 2.642841e-06
 1398 8.185431e-07
 1399 2.465408e-06
 1400 -6.844980e-07
 1401 -2.294263e-07
 1402 1.097044e-06
 1403 1.014349e-05
 1404 5.791862e-06
 1405 4.186918e-06
 1406 3.670150e-06
 1407 1.751201e-06
 1408 -5.215204e-07
 1409 1.840415e-06
 1410 8.394602e-07
 1411 2.104660e-06
 1412 1.740635e-06
 1413 -1.416689e-07
 1414 -2.530961e-07
 1415 4.989003e-06
 1416 2.252387e-06
 1417 3.284131e-06
 1418 1.983658e-06
 1419 3.424793e-07
 1420 2.466172e-06
 1421 4.923467e-06
 1422 1.138765e-06
 1423 1.096360e-08
 1424 7.494248e-07
 1425 1.325855e-06
 1426 4.066212e-06
 1427 6.146896e-06
 1428 3.504371e-07
 1429 3.556917e-06
 1430 5.154681e-06
 1431 1.022195e-06
 1432 1.878125e-06
 1433 4.732940e-06
 1434 4.726005e-06
 1435 7.791466e-07
 1436 6.202384e-08
 1437 2.043338e-06
 1438 7.278583e-06
 1439 1.768714e-06
 1440 1.867533e-06
 1441 -9.552783e-07
 1442 1.554337e-06
 1443 4.459536e-07
 1444 2.730673e-07
 1445 7.419428e-07
 1446 3.384936e-06
 1447 6.499251e-06
 1448 4.088550e-06
 1449 6.979617e-06
 1450 3.477987e-06
 1451 5.312027e-06
 1452 1.125102e-06
 1453 3.120862e-06
 1454 7.776448e-07
 1455 5.450156e-06
 1456 4.789786e-06
 1457 1.650331e-06
 1458 1.079822e-10
 1459 5.246003e-06
 1460 7.341758e-06
 1461 5.229767e-06
 1462 4.482993e-06
 1463 1.693040e-06
 1464 1.290372e-06
 1465 5.624063e-06
 1466 5.100824e-06
 1467 3.612918e-06
 1468 2.702371e-06
 1469 4.351875e-06
 1470 2.943876e-07
 1471 9.384168e-06
 1472 5.387042e-06
 1473 3.824958e-06
 1474 6.919900e-06
 1475 9.887006e-06
 1476 1.540641e-07
 1477 6.346211e-06
 1478 2.476872e-06
 1479 8.120180e-06
 1480 2.625549e-06
 1481 1.317892e-06
 1482 1.197130e-05
 1483 3.791604e-06
 1484 1.423149e-06
 1485 7.206997e-06
 1486 2.543285e-06
 1487 3.952973e-06
 1488 4.283940e-06
 1489 9.548140e-06
 1490 3.011182e-06
 1491 1.507855e-06
 1492 1.033947e-05
 1493 9.556968e-06
 1494 8.742472e-06
 1495 3.898165e-06
 1496 1.214519e-05
 1497 1.305553e-06
 1498 8.031763e-06
 1499 2.109231e-06
 1500 1.401543e-05
 1501 2.977769e-06
 1502 2.115566e-06
 1503 7.559139e-06
 1504 1.510780e-05
 1505 5.701293e-06
 1506 4.989780e-06
 1507 3.212125e-06
 1508 4.430298e-06
 1509 1.017106e-05
 1510 1.104250e-05
 1511 2.707781e-06
 1512 3.075779e-06
 1513 3.839291e-06
 1514 5.062941e-06
 1515 2.347527e-06
 1516 9.035689e-06
 1517 9.744527e-06
 1518 2.320219e-05
 1519 4.122677e-06
 1520 1.439024e-05
 1521 5.790972e-06
 1522 3.987513e-06
 1523 4.548499e-06
 1524 1.027558e-05
 1525 3.165759e-06
 1526 2.220333e-06
 1527 1.216147e-05
 1528 8.787690e-06
 1529 2.560437e-06
 1530 9.913371e-06
 1531 1.145220e-05
 1532 8.340268e-06
 1533 3.224962e-06
 1534 8.525855e-06
 1535 2.157372e-06
 1536 7.815020e-06
 1537 7.843408e-06
 1538 3.306258e-06
 1539 2.265945e-05
 1540 6.908618e-06
 1541 8.787496e-06
 1542 4.217314e-06
 1543 3.289318e-06
 1544 7.357154e-06
 1545 1.144315e-05
 1546 9.217820e-06
 1547 6.634918e-06
 1548 9.527575e-06
 1549 1.165934e-05
 1550 5.406577e-06
 1551 5.771148e-06
 1552 5.201292e-06
 1553 7.377826e-06
 1554 8.755425e-06
 1555 9.559619e-06
 1556 2.517886e-06
 1557 3.613758e-06
 1558 1.948727e-06
 1559 7.693968e-06
 1560 1.347250e-05
 1561 9.552486e-06
 1562 1.252019e-05
 1563 1.183155e-05
 1564 8.967154e-06
 1565 9.434658e-06
 1566 1.203517e-06
 1567 6.961608e-06
 1568 3.788012e-06
 1569 1.266932e-05
 1570 1.525525e-06
 1571 6.158107e-06
 1572 5.396164e-06
 1573 3.423421e-06
 1574 7.231249e-06
 1575 1.079980e-05
 1576 1.359507e-05
 1577 2.588282e-07
 1578 5.537089e-06
 1579 4.601163e-06
 1580 1.601401e-06
 1581 1.627176e-05
 1582 3.713863e-06
 1583 1.173355e-06
 1584 9.790541e-06
 1585 9.854915e-06
 1586 1.369362e-06
 1587 8.863485e-06
 1588 1.511971e-06
 1589 1.720389e-05
 1590 1.007588e-05
 1591 1.338120e-06
 1592 6.221921e-06
 1593 4.134329e-06
 1594 8.786923e-06
 1595 1.880009e-06
 1596 6.206262e-06
 1597 3.580402e-06
 1598 8.424249e-06
 1599 3.073724e-06
 1600 6.688321e-06
 1601 -5.459434e-07
 1602 2.384006e-06
 1603 5.443006e-06
 1604 5.971538e-06
 1605 2.071359e-06
 1606 1.920464e-06
 1607 1.437969e-05
 1608 8.917042e-06
 1609 2.540203e-06
 1610 3.074307e-06
 1611 8.178184e-06
 1612 2.877712e-06
 1613 1.068985e-06
 1614 7.071252e-06
 1615 4.711711e-06
 1616 3.061282e-07
 1617 4.001525e-06
 1618 5.112299e-06
 1619 9.701720e-06
 1620 2.392842e-06
 1621 1.093809e-06
 1622 3.089780e-06
 1623 8.860710e-07
 1624 1.654283e-06
 1625 6.175214e-06
 1626 3.928930e-06
 1627 1.594445e-06
 1628 4.653868e-07
 1629 6.548076e-06
 1630 5.425061e-06
 1631 1.545233e-06
 1632 5.509035e-06
 1633 4.040880e-06
 1634 -7.229472e-07
 1635 7.550395e-06
 1636 -4.852110e-07
 1637 4.906672e-08
 1638 -7.388762e-07
 1639 5.852653e-06
 1640 -9.310527e-07
 1641 2.940686e-06
 1642 5.489979e-06
 1643 -1.617683e-06
 1644 1.277818e-06
 1645 3.101159e-06
 1646 3.415903e-06
 1647 2.756304e-06
 1648 -5.308269e-07
 1649 7.974435e-08
 1650 -7.747738e-07
 1651 -2.559367e-07
 1652 9.789299e-06
 1653 3.107382e-06
 1654 7.179937e-07
 1655 1.289811e-06
 1656 3.920914e-06
 1657 -1.651227e-06
 1658 1.021126e-06
 1659 2.992286e-06
 1660 4.452464e-06
 1661 1.345499e-06
 1662 -8.549339e-08
 1663 1.367120e-06
 1664 2.886236e-07
 1665 -3.073660e-06
 1666 1.016617e-07
 1667 -1.470601e-06
 1668 1.016448e-07
 1669 4.914685e-07
 1670 -4.338878e-07
 1671 5.599420e-07
 1672 -2.023458e-06
 1673 -1.214846e-06
 1674 4.370620e-06
 1675 3.190605e-06
 1676 2.262524e-07
 1677 2.154209e-06
 1678 3.830830e-06
 1679 -1.011531e-06
 1680 7.289748e-07
 1681 -2.111182e-06
 1682 1.146338e-06
 1683 3.845818e-07
 1684 -1.710793e-06
 1685 -9.233828e-07
 1686 2.436243e-06
 1687 1.900401e-06
 1688 -9.839734e-09
 1689 -1.153438e-06
 1690 2.934165e-06
 1691 1.959161e-06
 1692 -1.608292e-06
 1693 4.618360e-07
 1694 -1.572529e-06
 1695 -3.740282e-07
 1696 -6.736485e-07
 1697 -1.261127e-07
 1698 2.838419e-06
 1699 -1.917162e-06
 1700 -1.161199e-07
 1701 -3.366764e-06
 1702 9.070960e-08
 1703 1.186601e-06
 1704 3.109164e-06
 1705 -5.944890e-07
 1706 4.351722e-07
 1707 -8.331990e-07
 1708 -9.719922e-07
 1709 4.517686e-06
 1710 -3.780556e-08
 1711 -1.801728e-06
 1712 -1.676187e-06
 1713 1.449404e-06
 1714 -4.608823e-07
 1715 -1.040736e-06
 1716 -1.433346e-06
 1717 1.784563e-06
 1718 -1.663010e-07
 1719 2.517411e-06
 1720 2.544570e-06
 1721 3.178670e-07
 1722 7.650381e-06
 1723 8.364861e-08
 1724 3.233296e-08
 1725 4.620195e-06
 1726 -1.602770e-06
 1727 6.196265e-07
 1728 -4.590880e-06
 1729 -7.196190e-07
 1730 -6.005089e-07
 1731 1.202619e-07
 1732 2.067173e-06
 1733 -1.864684e-06
 1734 2.629377e-07
 1735 4.626626e-06
 1736 -7.519279e-07
 1737 9.246271e-07
 1738 9.424131e-07
 1739 -3.130422e-06
 1740 3.123152e-06
 1741 3.065844e-06
 1742 2.903522e-06
 1743 1.062346e-06
 1744 4.198790e-06
 1745 2.584042e-08
 1746 3.954018e-06
 1747 2.665563e-07
 1748 1.641173e-06
 1749 7.317471e-06
 1750 2.870588e-07
 1751 1.733635e-06
 1752 -1.334737e-06
 1753 1.990596e-06
 1754 6.701620e-06
 1755 1.728036e-06
 1756 2.446305e-07
 1757 3.713978e-06
 1758 1.016321e-06
 1759 1.038037e-06
 1760 2.340740e-06
 1761 -1.122705e-06
 1762 4.758846e-06
 1763 -3.963806e-06
 1764 1.300978e-06
 1765 1.864196e-06
 1766 6.289842e-06
 1767 1.104913e-05
 1768 8.516850e-07
 1769 1.650907e-06
 1770 2.425910e-06
 1771 2.573149e-06
 1772 1.078636e-06
 1773 1.723646e-06
 1774 2.660371e-06
 1775 9.816262e-06
 1776 2.058073e-06
 1777 3.235259e-06
 1778 4.241880e-06
 1779 3.453046e-06
 1780 1.830652e-06
 1781 1.305892e-06
 1782 3.541147e-06
 1783 -1.286485e-07
 1784 7.425642e-06
 1785 -8.286740e-07
 1786 5.226867e-06
 1787 1.558812e-06
 1788 8.258459e-06
 1789 1.132205e-05
 1790 6.327179e-06
 1791 6.331696e-06
 1792 -2.035278e-06
 1793 3.939723e-06
 1794 -4.211387e-07
 1795 8.268841e-06
 1796 1.926556e-06
 1797 1.050698e-06
 1798 1.965373e-06
 1799 7.026558e-06
 1800 2.632841e-06
 1801 4.494641e-07
 1802 7.230106e-06
 1803 6.195832e-06
 1804 3.610986e-06
 1805 6.998577e-06
 1806 4.541761e-06
 1807 3.948201e-06
 1808 -7.485034e-08
 1809 7.489243e-07
 1810 3.304960e-06
 1811 1.410408e-05
 1812 1.361848e-05
 1813 1.437810e-06
 1814 1.879373e-06
 1815 8.090553e-06
 1816 1.644056e-07
 1817 2.291886e-06
 1818 9.061684e-06
 1819 6.010917e-06
 1820 7.442132e-06
 1821 2.289639e-06
 1822 1.045413e-05
 1823 1.430470e-06
 1824 5.465156e-06
 1825 1.751112e-06
 1826 1.063186e-06
 1827 7.249465e-07
 1828 4.296419e-06
 1829 2.779366e-06
 1830 6.498970e-06
 1831 -1.961880e-06
 1832 6.815792e-06
 1833 1.246446e-05
 1834 1.105752e-05
 1835 1.792971e-06
 1836 8.221398e-06
 1837 3.097853e-06
 1838 4.900331e-06
 1839 7.003173e-06
 1840 5.892071e-06
 1841 -3.176334e-07
 1842 2.706666e-06
 1843 2.152593e-06
 1844 8.799220e-06
 1845 1.897611e-06
 1846 9.421206e-06
 1847 6.528382e-06
 1848 1.974082e-06
 1849 1.886182e-06
 1850 1.074196e-05
 1851 2.757816e-06
 1852 1.115444e-06
 1853 2.891859e-06
 1854 3.816447e-06
 1855 8.364805e-06
 1856 8.562562e-06
 1857 5.339718e-07
 1858 2.569646e-06
 1859 2.914767e-06
 1860 7.309371e-06
 1861 2.236745e-06
 1862 8.101127e-06
 1863 -1.829863e-06
 1864 1.049150e-05
 1865 -1.558528e-07
 1866 4.441558e-06
 1867 3.861208e-06
 1868 5.174419e-06
 1869 5.360882e-06
 1870 2.230130e-06
 1871 -1.958508e-07
 1872 1.060397e-06
 1873 5.828312e-06
 1874 -1.218615e-06
 1875 9.910426e-06
 1876 -3.680273e-10
 1877 5.552870e-06
 1878 5.237425e-06
 1879 8.132962e-06
 1880 1.261223e-06
 1881 4.949194e-06
 1882 7.354851e-06
 1883 2.945277e-06
 1884 1.203048e-06
 1885 6.600693e-06
 1886 3.522793e-07
 1887 1.016837e-06
 1888 -3.212139e-06
 1889 2.587634e-06
 1890 5.399671e-06
 1891 3.398017e-06
 1892 -7.328598e-07
 1893 4.004208e-06
 1894 2.725801e-06
 1895 -1.552671e-06
 1896 1.351351e-06
 1897 1.488375e-06
 1898 -1.327258e-06
 1899 1.091405e-06
 1900 3.491223e-06
 1901 9.292506e-06
 1902 3.635765e-07
 1903 5.346896e-06
 1904 2.641869e-06
 1905 -6.490036e-07
 1906 2.684488e-06
 1907 1.244047e-06
 1908 3.590373e-06
 1909 1.866767e-06
 1910 7.562496e-07
 1911 -9.159523e-10
 1912 2.180002e-06
 1913 1.474181e-06
 1914 4.169331e-06
 1915 -1.610675e-06
 1916 8.648990e-07
 1917 1.558631e-06
 1918 4.287776e-06
 1919 -2.064842e-07
 1920 -1.104200e-06
 1921 -5.971887e-06
 1922 -1.987375e-06
 1923 2.543845e-06
 1924 -1.672468e-06
 1925 2.689690e-06
 1926 4.284905e-07
 1927 4.682926e-06
 1928 -1.052059e-06
 1929 1.834203e-08
 1930 7.176861e-07
 1931 -7.735606e-07
 1932 2.746274e-06
 1933 -4.819214e-06
 1934 1.704700e-06
 1935 5.368345e-06
 1936 -1.304301e-06
 1937 -2.423704e-06
 1938 -2.089339e-06
 1939 2.352467e-06
 1940 -9.877318e-07
 1941 -3.897959e-06
 1942 8.445325e-07
 1943 -2.104199e-06
 1944 6.931788e-07
 1945 -9.133640e-07
 1946 6.153557e-06
 1947 1.474659e-06
 1948 1.163589e-06
 1949 1.274553e-06
 1950 8.804150e-09
 1951 2.795828e-06
 1952 -9.385632e-06
 1953 -3.881585e-06
 1954 3.089075e-07
 1955 -1.881041e-06
 1956 -6.544488e-06
 1957 1.176689e-06
 1958 -1.715935e-06
 1959 3.682705e-07
 1960 -2.026476e-06
 1961 2.958062e-07
 1962 8.583116e-07
 1963 -1.336595e-06
 1964 -7.387526e-07
 1965 -3.824407e-06
 1966 8.299523e-07
 1967 -1.898525e-07
 1968 -3.335576e-06
 1969 -6.236868e-07
 1970 1.881645e-06
 1971 6.311255e-07
 1972 2.464683e-06
 1973 -3.460742e-06
 1974 -3.545399e-06
 1975 4.647433e-06
 1976 -1.385387e-06
 1977 3.806654e-07
 1978 -2.933530e-06
 1979 2.295835e-06
 1980 5.065229e-07
 1981 2.324096e-06
 1982 8.346360e-07
 1983 -4.660954e-06
 1984 -2.909464e-06
 1985 -5.207101e-06
 1986 -5.131660e-06
 1987 -2.471458e-06
 1988 -1.232199e-06
 1989 -3.043505e-06
 1990 4.536292e-07
 1991 1.061898e-06
 1992 5.995969e-06
 1993 2.923568e-07
 1994 -3.130764e-07
 1995 -7.800380e-07
 1996 -1.279540e-06
 1997 -1.973050e-06
 1998 5.238844e-06
 1999 1.714566e-06
 2000 -5.097880e-06
 2001 -1.375755e-06
 2002 -2.630616e-07
 2003 -5.011465e-07
 2004 4.153022e-06
 2005 -2.865296e-06
 2006 3.447399e-06
 2007 4.293263e-07
 2008 -4.193815e-07
 2009 1.052939e-06
 2010 6.254831e-08
 2011 7.745674e-07
 2012 2.505515e-07
 2013 7.450186e-07
 2014 4.692558e-06
 2015 4.291452e-06
 2016 -2.327889e-06
 2017 1.454123e-06
 2018 -3.305434e-06
 2019 1.232171e-06
 2020 4.536707e-06
 2021 -2.843203e-06
 2022 -1.423016e-06
 2023 -3.660079e-07
 2024 6.471926e-06
 2025 2.628567e-06
 2026 9.631534e-07
 2027 7.849256e-08
 2028 -1.917843e-07
 2029 6.124846e-06
 2030 1.550123e-08
 2031 3.035822e-07
 2032 3.632514e-06
 2033 2.443671e-06
 2034 -7.942292e-07
 2035 3.100778e-06
 2036 2.962011e-06
 2037 8.324752e-06
 2038 6.135964e-06
 2039 2.918125e-06
 2040 1.255324e-06
 2041 2.912747e-06
 2042 1.038690e-05
 2043 6.849688e-07
 2044 5.259132e-06
 2045 1.483999e-06
 2046 1.833160e-06
 2047 5.592967e-06
 2048 1.752855e-06
 2049 3.602634e-06
 2050 4.415271e-06
 2051 7.284806e-07
 2052 2.838637e-06
 2053 9.960960e-07
 2054 5.319818e-06
 2055 4.368210e-06
 2056 2.473532e-06
 2057 -1.353312e-06
 2058 1.157082e-06
 2059 1.421979e-05
 2060 5.456926e-06
 2061 1.471245e-05
 2062 8.462095e-06
 2063 2.501898e-06
 2064 6.445690e-06
 2065 6.141048e-06
 2066 4.456007e-07
 2067 2.407897e-06
 2068 7.790505e-06
 2069 1.217229e-05
 2070 4.170725e-06
 2071 4.956860e-06
 2072 3.774486e-06
 2073 1.047186e-06
 2074 1.027617e-05
 2075 7.077221e-06
 2076 8.562858e-06
 2077 9.253670e-06
 2078 2.785125e-06
 2079 2.283596e-06
 2080 1.002803e-05
 2081 -1.059764e-06
 2082 1.446923e-05
 2083 6.381092e-06
 2084 7.376211e-06
 2085 2.916950e-06
 2086 1.580041e-05
 2087 7.791827e-06
 2088 3.632984e-06
 2089 -6.709932e-08
 2090 1.891124e-05
 2091 3.493614e-06
 2092 5.841574e-06
 2093 8.446795e-06
 2094 9.857897e-06
 2095 1.203166e-05
 2096 6.620695e-06
 2097 6.271968e-06
 2098 5.294564e-06
 2099 9.453283e-06
 2100 5.219468e-06
 2101 1.768962e-06
 2102 4.235266e-06
 2103 6.397832e-06
 2104 2.241274e-05
 2105 1.647526e-05
 2106 1.252049e-05
 2107 9.348016e-06
 2108 8.597849e-06
 2109 5.299868e-06
 2110 1.206057e-05
 2111 4.477374e-06
 2112 3.907171e-06
 2113 1.172931e-05
 2114 7.628083e-06
 2115 3.486037e-06
 2116 1.007862e-05
 2117 4.981605e-06
 2118 7.977480e-06
 2119 1.636017e-05
 2120 7.059672e-06
 2121 8.398550e-06
 2122 1.059103e-05
 2123 1.087357e-06
 2124 7.301991e-06
 2125 1.135555e-05
 2126 5.903921e-06
 2127 2.029202e-05
 2128 4.963035e-06
 2129 9.215486e-06
 2130 1.193822e-05
 2131 8.395990e-06
 2132 1.025267e-05
 2133 1.263530e-05
 2134 4.351142e-06
 2135 2.178808e-05
 2136 9.699570e-07
 2137 3.115630e-06
 2138 5.104090e-06
 2139 2.221755e-05
 2140 1.207880e-05
 2141 7.169527e-06
 2142 3.049776e-06
 2143 5.678202e-06
 2144 6.237768e-06
 2145 1.998176e-06
 2146 3.859284e-06
 2147 8.908423e-06
 2148 1.548130e-05
 2149 4.876528e-06
 2150 1.722236e-05
 2151 1.764589e-05
 2152 5.332253e-06
 2153 6.099014e-06
 2154 9.440256e-06
 2155 1.136761e-05
 2156 5.104602e-07
 2157 1.364298e-05
 2158 8.343721e-06
 2159 6.166688e-06
 2160 2.722201e-06
 2161 1.595959e-05
 2162 6.126433e-06
 2163 7.223161e-06
 2164 1.138496e-05
 2165 1.080123e-06
 2166 1.088455e-05
 2167 4.280030e-06
 2168 7.772449e-06
 2169 5.368551e-06
 2170 9.305351e-06
 2171 4.187610e-06
 2172 8.154318e-06
 2173 1.005837e-05
 2174 8.852857e-06
 2175 1.282730e-05
 2176 1.747221e-05
 2177 2.169998e-06
 2178 -5.798178e-07
 2179 8.711720e-06
 2180 6.109001e-06
 2181 3.034352e-06
 2182 2.216308e-06
 2183 2.772060e-06
 2184 1.990532e-05
 2185 3.003481e-06
 2186 4.996647e-06
 2187 2.449616e-06
 2188 3.783824e-06
 2189 6.975577e-06
 2190 9.932364e-06
 2191 2.503338e-06
 2192 7.029680e-06
 2193 3.554464e-06
 2194 8.024887e-07
 2195 1.584189e-05
 2196 8.140340e-06
 2197 4.076796e-06
 2198 7.958853e-06
 2199 3.866849e-06
 2200 -1.881937e-07
 2201 1.265501e-05
 2202 7.307539e-06
 2203 5.359701e-07
 2204 9.387744e-06
 2205 2.357675e-06
 2206 9.284456e-06
 2207 4.135977e-06
 2208 -1.581896e-06
 2209 2.648452e-06
 2210 2.452683e-06
 2211 2.701576e-06
 2212 3.766792e-06
 2213 1.308281e-06
 2214 3.957544e-06
 2215 1.331199e-06
 2216 -2.898585e-06
 2217 5.492444e-06
 2218 9.615311e-06
 2219 1.464124e-05
 2220 6.158091e-07
 2221 6.137116e-06
 2222 3.656330e-06
 2223 3.801624e-06
 2224 -1.618380e-08
 2225 4.352284e-06
 2226 5.898026e-07
 2227 -4.445397e-07
 2228 2.428095e-06
 2229 9.958780e-06
 2230 2.783176e-06
 2231 -6.329674e-07
 2232 1.667200e-06
 2233 4.021346e-06
 2234 6.417331e-06
 2235 2.689737e-06
 2236 -2.156137e-06
 2237 5.203292e-06
 2238 7.244052e-07
 2239 3.149943e-06
 2240 5.275801e-06
 2241 9.956853e-07
 2242 -1.255128e-06
 2243 3.488447e-06
 2244 -2.004584e-06
 2245 -5.238996e-07
 2246 5.575247e-06
 2247 3.841519e-06
 2248 -1.290948e-08
 2249 4.040058e-06
 2250 3.197414e-06
 2251 -2.046568e-06
 2252 2.980957e-06
 2253 -3.633550e-07
 2254 6.333470e-06
 2255 1.592494e-06
 2256 1.482967e-06
 2257 -1.573895e-06
 2258 -1.911130e-06
 2259 3.495624e-06
 2260 -1.280354e-06
 2261 1.466665e-06
 2262 2.008325e-06
 2263 8.686356e-06
 2264 2.698977e-06
 2265 4.448904e-06
 2266 3.924841e-06
 2267 1.389665e-06
 2268 2.281914e-06
 2269 2.002133e-06
 2270 3.651278e-06
 2271 2.789271e-08
 2272 -3.712951e-06
 2273 -8.031245e-07
 2274 7.565706e-07
 2275 1.929754e-06
 2276 1.707355e-06
 2277 1.322312e-06
 2278 -1.709686e-06
 2279 4.162419e-06
 2280 -1.280214e-06
 2281 2.960352e-06
 2282 6.021802e-07
 2283 1.009343e-06
 2284 -4.935640e-07
 2285 8.899055e-06
 2286 4.690390e-06
 2287 7.159132e-07
 2288 2.288959e-06
 2289 4.234665e-07
 2290 2.035812e-06
 2291 5.750620e-06
 2292 4.272858e-06
 2293 2.732388e-07
 2294 5.600406e-06
 2295 1.129377e-06
 2296 -6.090177e-07
 2297 4.328444e-06
 2298 1.510490e-06
 2299 6.605174e-06
 2300 5.153068e-06
 2301 2.110017e-06
 2302 -9.431010e-08
 2303 2.680490e-06
 2304 1.914004e-06
 2305 -1.736895e-06
 2306 -5.615596e-07
 2307 2.405578e-06
 2308 1.111720e-05
 2309 2.615474e-06
 2310 7.426143e-06
 2311 2.678885e-06
 2312 6.367535e-06
 2313 6.294038e-07
 2314 2.991949e-06
 2315 3.249249e-06
 2316 -4.388663e-08
 2317 5.392787e-06
 2318 6.517597e-06
 2319 1.020789e-05
 2320 3.901976e-06
 2321 2.652273e-06
 2322 2.520055e-06
 2323 2.049538e-06
 2324 7.344582e-06
 2325 4.904133e-06
 2326 2.065646e-06
 2327 8.712657e-06
 2328 6.972970e-07
 2329 3.304616e-07
 2330 9.844955e-06
 2331 8.119286e-06
 2332 8.091507e-06
 2333 1.414348e-05
 2334 9.223575e-06
 2335 4.334360e-06
 2336 9.737865e-06
 2337 -1.380044e-06
 2338 5.004919e-06
 2339 4.190414e-06
 2340 6.957154e-06
 2341 2.278724e-06
 2342 6.232204e-06
 2343 5.395010e-06
 2344 1.643011e-05
 2345 2.414184e-06
 2346 4.051092e-06
 2347 7.761263e-06
 2348 8.562766e-06
 2349 1.134311e-05
 2350 5.392120e-06
 2351 1.371534e-06
 2352 9.549061e-06
 2353 8.822959e-06
 2354 1.574614e-05
 2355 1.431197e-05
 2356 6.396261e-06
 2357 9.722084e-06
 2358 2.948468e-06
 2359 5.976030e-06
 2360 1.097572e-05
 2361 1.105644e-05
 2362 1.894555e-05
 2363 2.507502e-06
 2364 9.205009e-06
 2365 9.265521e-06
 2366 1.402804e-05
 2367 2.526102e-06
 2368 7.039388e-06
 2369 1.230199e-05
 2370 9.229411e-06
 2371 9.988529e-06
 2372 7.265564e-06
 2373 1.270930e-06
 2374 1.257740e-05
 2375 4.497633e-06
 2376 2.410518e-05
 2377 9.497337e-06
 2378 1.300319e-05
 2379 2.436900e-05
 2380 3.950949e-06
 2381 1.645008e-05
 2382 6.622473e-06
 2383 1.409674e-05
 2384 6.105336e-06
 2385 1.082423e-05
 2386 3.136758e-06
 2387 1.137089e-05
 2388 1.822817e-05
 2389 1.291898e-05
 2390 1.541707e-05
 2391 1.407932e-05
 2392 7.442981e-06
 2393 1.104563e-05
 2394 1.207106e-05
 2395 7.199809e-06
 2396 9.506122e-06
 2397 1.047587e-05
 2398 1.271825e-05
 2399 2.339479e-05
 2400 1.771582e-05
 2401 1.298048e-05
 2402 1.096787e-05
 2403 3.746260e-06
 2404 1.373558e-05
 2405 2.427938e-05
 2406 8.710410e-06
 2407 1.557676e-05
 2408 6.419755e-06
 2409 1.951493e-05
 2410 1.443723e-05
 2411 7.842339e-06
 2412 8.089994e-06
 2413 1.105708e-05
 2414 2.333739e-05
 2415 9.401498e-06
 2416 9.322601e-06
 2417 4.879431e-06
 2418 1.642816e-06
 2419 3.022281e-05
 2420 8.961031e-06
 2421 2.094901e-05
 2422 1.845467e-05
 2423 1.275056e-05
 2424 1.563441e-05
 2425 7.476693e-06
 2426 3.075248e-05
 2427 5.904122e-06
 2428 4.551759e-06
 2429 1.248428e-05
 2430 1.069061e-05
 2431 9.662376e-06
 2432 1.453923e-05
 2433 2.119238e-05
 2434 2.330149e-05
 2435 8.349612e-06
 2436 7.609075e-06
 2437 1.776449e-05
 2438 3.821815e-06
 2439 1.619660e-05
 2440 8.158337e-06
 2441 1.310005e-05
 2442 1.881779e-05
 2443 3.096203e-06
 2444 1.905050e-05
 2445 2.321685e-05
 2446 9.296653e-06
 2447 7.194115e-06
 2448 2.033529e-05
 2449 1.396674e-05
 2450 2.381882e-05
 2451 5.454104e-06
 2452 1.240135e-05
 2453 9.481633e-06
 2454 2.119190e-05
 2455 9.166269e-06
 2456 9.775673e-06
 2457 6.052990e-06
 2458 6.467823e-06
 2459 2.666633e-05
 2460 2.814445e-06
 2461 1.144999e-05
 2462 1.522824e-05
 2463 1.160678e-05
 2464 1.402396e-05
 2465 6.903138e-06
 2466 1.381529e-05
 2467 2.081683e-05
 2468 6.897569e-06
 2469 1.606325e-05
 2470 1.947614e-05
 2471 1.108468e-05
 2472 7.174764e-06
 2473 7.120803e-06
 2474 4.938135e-06
 2475 9.867642e-06
 2476 2.066305e-05
 2477 1.487582e-05
 2478 8.380062e-06
 2479 1.496499e-05
 2480 8.237195e-06
 2481 1.364734e-05
 2482 2.329459e-06
 2483 6.061543e-06
 2484 1.542401e-05
 2485 1.200559e-05
 2486 7.000203e-06
 2487 7.522324e-06
 2488 9.736327e-07
 2489 1.649040e-05
 2490 2.078449e-05
 2491 1.393970e-05
 2492 8.971028e-06
 2493 1.304988e-05
 2494 1.126318e-05
 2495 4.129707e-06
 2496 1.543333e-05
 2497 7.409088e-06
 2498 1.624377e-06
 2499 1.429930e-05
 2500 5.310751e-06
