# 2 <= ell <= 99
# 100 mcs
# tt pt pp bmmcs
9.186176155484296890e-01
8.498288659704065218e-01
8.632672649595584113e-01
8.492209071839841306e-01
8.703152906261694133e-01
8.967464734652769165e-01
8.690629876649307306e-01
9.021386028726454676e-01
8.894397889979903660e-01
8.834556275703850936e-01
9.195191455456761531e-01
8.819974468893441166e-01
8.942871984787424955e-01
9.004012680894981635e-01
8.729807678167222917e-01
8.896036234899743489e-01
9.472378347959223843e-01
9.058019106391600461e-01
9.712033296502532442e-01
9.352495830758240647e-01
9.206988856874630534e-01
9.048230552590869058e-01
9.409946534015790620e-01
9.608042274970968188e-01
9.322559560508841825e-01
9.126118671235535773e-01
9.470939233307388294e-01
9.236205189287786110e-01
9.630376707900382138e-01
9.537632202098486056e-01
9.629377946991652948e-01
9.415359950147844659e-01
9.253422945305670444e-01
9.605819984479821994e-01
9.279373013060702169e-01
9.282954277190904602e-01
9.434328275217362947e-01
9.686608070700786222e-01
9.389556389375208756e-01
9.338313629205573507e-01
9.182970376309207428e-01
9.475272718457006249e-01
9.327038801017087932e-01
9.431886299949533425e-01
9.460679454320822801e-01
9.248521910004393609e-01
9.424283861406032026e-01
9.473959121134988282e-01
9.665422610801003289e-01
9.397526045381714432e-01
9.474730487466326290e-01
9.780368815690311246e-01
9.568716178474192535e-01
9.557037000102208690e-01
9.627394134544394744e-01
9.639015204638515799e-01
9.521926442194892370e-01
9.403631613995532268e-01
9.518793421449245340e-01
9.456545703784204893e-01
9.460579480837595368e-01
9.381758147849108553e-01
9.397188761972583571e-01
9.563899493058966028e-01
9.656710109960252586e-01
9.442660863172894770e-01
9.610612545205221569e-01
9.531853114171404684e-01
9.520018968734378362e-01
9.656254357560370982e-01
9.559733171934196028e-01
9.694171279532366459e-01
9.427475428359438636e-01
9.386243404012832858e-01
9.490778968704818297e-01
9.361126929333493107e-01
9.354951058167947364e-01
9.621531132633578398e-01
9.553514744710615014e-01
9.474658335459552605e-01
9.429528472656435456e-01
9.627561043803836149e-01
9.605421793730947178e-01
9.655869997367224622e-01
9.555907638772848101e-01
9.636593649093272429e-01
9.469967683094225874e-01
9.425406376230794914e-01
9.500800570266592082e-01
9.551038427520409657e-01
9.718326231220254519e-01
9.392766642572324409e-01
9.574741648704188091e-01
9.332783398493083027e-01
9.422360446069188988e-01
9.471913418975681509e-01
9.489531467428109490e-01
9.656534586752633098e-01
1.000000000000000000e+00
1.000000000000000000e+00
1.000000000000000000e+00
1.000000000000000000e+00
1.000000000000000000e+00
1.000000000000000000e+00
1.000000000000000000e+00
1.000000000000000000e+00
1.000000000000000000e+00
1.000000000000000000e+00
1.000000000000000000e+00
1.000000000000000000e+00
1.000000000000000000e+00
1.000000000000000000e+00
1.000000000000000000e+00
1.000000000000000000e+00
1.000000000000000000e+00
1.000000000000000000e+00
1.000000000000000000e+00
1.000000000000000000e+00
1.000000000000000000e+00
1.000000000000000000e+00
1.000000000000000000e+00
1.000000000000000000e+00
1.000000000000000000e+00
1.000000000000000000e+00
1.000000000000000000e+00
1.000000000000000000e+00
1.000000000000000000e+00
1.000000000000000000e+00
1.000000000000000000e+00
1.000000000000000000e+00
1.000000000000000000e+00
1.000000000000000000e+00
1.000000000000000000e+00
1.000000000000000000e+00
1.000000000000000000e+00
1.000000000000000000e+00
1.000000000000000000e+00
1.000000000000000000e+00
1.000000000000000000e+00
1.000000000000000000e+00
1.000000000000000000e+00
1.000000000000000000e+00
1.000000000000000000e+00
1.000000000000000000e+00
1.000000000000000000e+00
1.000000000000000000e+00
1.000000000000000000e+00
1.000000000000000000e+00
1.000000000000000000e+00
1.000000000000000000e+00
1.000000000000000000e+00
1.000000000000000000e+00
1.000000000000000000e+00
1.000000000000000000e+00
1.000000000000000000e+00
1.000000000000000000e+00
1.000000000000000000e+00
1.000000000000000000e+00
1.000000000000000000e+00
1.000000000000000000e+00
1.000000000000000000e+00
1.000000000000000000e+00
1.000000000000000000e+00
1.000000000000000000e+00
1.000000000000000000e+00
1.000000000000000000e+00
1.000000000000000000e+00
1.000000000000000000e+00
1.000000000000000000e+00
1.000000000000000000e+00
1.000000000000000000e+00
1.000000000000000000e+00
1.000000000000000000e+00
1.000000000000000000e+00
1.000000000000000000e+00
1.000000000000000000e+00
1.000000000000000000e+00
1.000000000000000000e+00
1.000000000000000000e+00
1.000000000000000000e+00
1.000000000000000000e+00
1.000000000000000000e+00
1.000000000000000000e+00
1.000000000000000000e+00
1.000000000000000000e+00
1.000000000000000000e+00
1.000000000000000000e+00
1.000000000000000000e+00
1.000000000000000000e+00
1.000000000000000000e+00
1.000000000000000000e+00
1.000000000000000000e+00
1.000000000000000000e+00
1.000000000000000000e+00
1.000000000000000000e+00
1.000000000000000000e+00
2.437537352593182327e-01
3.037759660937993100e-01
3.753818771525758713e-01
3.822069206819347920e-01
3.952258653965847746e-01
4.418213285599081330e-01
4.661960832298171487e-01
4.955304614917628303e-01
5.465388562354739355e-01
5.036818527228584808e-01
5.087451403308372866e-01
5.253490113580412402e-01
5.513569811548276745e-01
5.390050143095789226e-01
5.469225074058553515e-01
5.444825987096756359e-01
5.286933315850584902e-01
5.481781338009343862e-01
5.449009600089798067e-01
5.238730287723335488e-01
5.548631876222445136e-01
5.524475301507210112e-01
5.433272867468770251e-01
5.339985807232916493e-01
5.561608344933505199e-01
5.276830779142750449e-01
5.522718368978111192e-01
5.489966840587606756e-01
5.545711253638850868e-01
5.522024654728875381e-01
5.433956806330346723e-01
5.306210229428480751e-01
5.607014386348394552e-01
5.488027626994925745e-01
5.518855814956460382e-01
5.571367905913852114e-01
5.434481821754302278e-01
5.494157492429113665e-01
5.428244635274269703e-01
5.396960891749730260e-01
5.316224982732837834e-01
5.541754347916468815e-01
5.488027836201374576e-01
5.269064190477049658e-01
5.407640425750960267e-01
5.244929307198609170e-01
5.450050392686347500e-01
5.334100668337710127e-01
5.313529518143250696e-01
5.295227079436212181e-01
5.224037577193993975e-01
5.387652332939595334e-01
5.185710225353661329e-01
5.291690692405637275e-01
5.307197163655540395e-01
5.270026873461616246e-01
5.168351423839360193e-01
5.271932053387647921e-01
5.138007913046481745e-01
5.119701527124993490e-01
5.025571900930070335e-01
4.969887454366987978e-01
5.167340697143212314e-01
5.052357349832401479e-01
4.975371158397895455e-01
4.984848228364778255e-01
5.026967323196471771e-01
5.004570747607000047e-01
4.910427392336441099e-01
4.876997862347166590e-01
4.785214443359256942e-01
4.889887858509385787e-01
4.711514780651336332e-01
4.770684460263574511e-01
4.720208127724671021e-01
4.822740894003534895e-01
4.684580464454797810e-01
4.706987041769553071e-01
4.687219260358332362e-01
4.676180343483410939e-01
4.641871007315387931e-01
4.557094233048610832e-01
4.549672875486540646e-01
4.608438918542615559e-01
4.560510700269767015e-01
4.488289864109004101e-01
4.511937877983319689e-01
4.372210408395563186e-01
4.429516468777510152e-01
4.414601292136279831e-01
4.384500321685896873e-01
4.448676438249100085e-01
4.320737962365944762e-01
4.251517454943316565e-01
4.326346384479107798e-01
4.263361068848987023e-01
4.238279790440499517e-01
4.218952094889651949e-01
