# ell=0 based COMMANDER PR3 bmmc
0.000000000000000000e+00
0.000000000000000000e+00
9.301301502986667469e-01
8.607777258305960855e-01
8.732985457337486546e-01
9.050638761217961736e-01
8.708629487117082180e-01
9.195564784245946477e-01
8.930557770191585032e-01
9.128260404017612961e-01
9.004501163456319901e-01
9.001405025803160820e-01
9.181559657569500210e-01
9.005621432226194045e-01
8.996075852019488339e-01
9.245157776232095781e-01
8.840223755765138636e-01
9.123311751787870350e-01
9.308695294368075634e-01
9.123009772112099514e-01
9.462133644950759814e-01
9.248948534202421357e-01
9.251629519413359093e-01
9.256251864715060451e-01
9.349526221765105394e-01
9.290092920872197180e-01
9.228696681394241708e-01
9.418437525591479842e-01
9.364177825579188541e-01
9.308637366181240491e-01
9.410010573498338582e-01
9.266731922111746123e-01
9.474439096660252080e-01
9.422464840745258252e-01
9.292343973613329533e-01
9.406769913112594805e-01
9.405581331684814694e-01
9.346853377422010833e-01
9.395011613828183616e-01
9.469734923965179574e-01
9.534134172051543787e-01
9.368251146708536092e-01
9.416491725055794459e-01
9.389597298970466799e-01
9.425750062273351437e-01
9.341259745524542746e-01
9.491106390389038028e-01
9.363076938079915035e-01
9.315511439060910615e-01
9.396887862906633249e-01
9.544594565938560038e-01
9.312293317310355034e-01
9.459366538521678525e-01
9.410215589684111093e-01
9.338224490548953094e-01
9.394272226705577822e-01
9.514031942889913385e-01
9.240891245080552485e-01
9.455015280058460814e-01
9.193069437933003574e-01
9.364734626403483642e-01
9.372645234241673284e-01
9.334599921838692138e-01
9.275776090630140081e-01
9.343487477980321199e-01
9.926564648004366775e-01
9.825716708096878804e-01
9.681365449334791151e-01
9.897047096588823534e-01
9.754519288845624470e-01
9.815332395697075052e-01
9.820359341456514901e-01
9.752992694348997516e-01
9.741214248134322240e-01
9.659176452403303026e-01
9.555361413836268580e-01
9.616824747378154292e-01
9.523605884875255834e-01
9.568590106025020026e-01
9.653682806917072146e-01
9.648334315617003165e-01
9.514519037149721248e-01
9.592519606598408632e-01
9.615396798848760973e-01
9.559141124796877165e-01
9.600435483699440997e-01
9.624324678622481199e-01
9.580436562968879244e-01
9.603907431178687615e-01
9.555990600431013560e-01
9.544743888860000025e-01
9.604901572403068410e-01
9.677080216160625081e-01
9.533424827333175644e-01
9.552323877969082222e-01
9.593259622001386600e-01
9.583134049694262968e-01
9.527593903259401475e-01
9.646072026198707627e-01
9.620412820603367887e-01
9.631305579769449121e-01
9.552148283012655838e-01
9.524514848693457214e-01
9.712264310515146271e-01
9.478447721495776301e-01
9.599869287062692269e-01
9.711180305020550296e-01
9.584910702958292505e-01
9.500518542944681455e-01
9.590853452507023258e-01
9.575566995982984775e-01
9.551273629162144729e-01
9.451091598850297482e-01
9.687615731672816199e-01
9.592829640991508144e-01
9.464343157906048853e-01
9.508718338206999521e-01
9.499076399646119162e-01
9.552077285154824127e-01
9.576326815086496635e-01
9.529682424748440184e-01
9.658352371148641868e-01
9.512287057709216676e-01
9.638049569001323480e-01
9.569474669635669173e-01
9.502385391016525684e-01
9.607614331961983334e-01
9.524880027877052902e-01
9.600695464396340473e-01
9.582231951335747899e-01
9.498939494760901825e-01
9.524342437325571398e-01
9.541464363699525553e-01
9.634805389462156588e-01
9.526603898505620061e-01
9.547231371909247200e-01
9.521062126242012535e-01
9.583274469971150289e-01
9.554938935755935558e-01
9.529291986487318233e-01
9.599518422283870311e-01
9.536769376055895808e-01
9.606065052934256165e-01
9.585825346171120698e-01
9.676886971134202042e-01
9.529916831597654570e-01
9.579398021512837147e-01
9.557268199080282134e-01
9.638211760001997863e-01
9.576698579768527786e-01
9.524715601223068262e-01
9.638067232031141129e-01
9.548164569001290625e-01
9.579613572283971479e-01
9.560912359041813247e-01
9.540833257467450368e-01
9.597918115111611082e-01
9.515008994989363478e-01
9.509587203384722853e-01
9.564642474109092962e-01
9.528724759609361605e-01
9.585024283600193096e-01
9.600943499375378387e-01
9.535526771182137873e-01
9.595553782876227178e-01
9.584526925887872917e-01
9.561287403657343642e-01
9.579439967749264762e-01
9.578214331747715304e-01
9.571337816905608475e-01
9.668258193277103896e-01
9.609367897613684262e-01
9.535068421329495614e-01
9.593665447991933659e-01
9.571078212997887746e-01
9.499083859018742082e-01
9.558127566768637173e-01
9.555587032037556883e-01
9.585525917837356413e-01
9.633677530712028148e-01
9.581811977795909874e-01
9.570399838362908529e-01
9.575039622313206156e-01
9.556492157376557106e-01
9.599656651408964292e-01
9.581441057569358710e-01
9.584105071789499330e-01
9.621071827774505536e-01
9.520087986742411523e-01
9.590055491247484465e-01
9.575251235050565857e-01
9.556423172592061199e-01
9.580614098401496470e-01
9.573499418517220638e-01
9.620650044276694013e-01
9.515543472702089334e-01
9.486291384001932503e-01
9.607857729320270490e-01
9.525125875803521769e-01
9.547739420227957519e-01
9.501977478793363074e-01
