# 2 <= ell <= 99
# 100 mcs
# tt pt pp raw measured amplitude  (inclusive of bmmc, but exclusive of debiasing! (This is not intended to be used except for PT))
2.457296923431770141e-01
9.842220403174212207e-01
7.197653133302488460e-01
1.524832895551989198e+00
6.135236426138023225e-01
1.439682737785008770e+00
7.796579944425107156e-01
7.728387360536767003e-01
9.598804964375150517e-01
1.149659705450672531e+00
9.665875213466015303e-01
7.623220262640427736e-01
9.815555101436539420e-01
1.190422009119328939e+00
7.568612084038265353e-01
1.167457328458110677e+00
7.597560257508733095e-01
9.832444732775883489e-01
7.649532600896880030e-01
7.026156173430422314e-01
6.856096440856767060e-01
7.421540617487012437e-01
8.946682450689286137e-01
8.143947238883679773e-01
8.313989766601512788e-01
8.838723676609789859e-01
1.135064860057436675e+00
9.745025969784226749e-01
8.762813012109592625e-01
9.755436860838322399e-01
1.339566388160965626e+00
9.426296559423116284e-01
9.474512268129593462e-01
8.214111697031424297e-01
9.636402445291496477e-01
1.174830167384637303e+00
1.053898010796000095e+00
1.072947898829621716e+00
1.519794568252980094e+00
9.583927690750096984e-01
9.923330971994840377e-01
1.090047032760716350e+00
9.475865800061593625e-01
7.262574083638603240e-01
8.300036471144209838e-01
1.228283761803577123e+00
7.701241755291603486e-01
1.167728385019454640e+00
1.083160897985505633e+00
7.822885204766489853e-01
1.085669583666567739e+00
7.758989650984269293e-01
8.376826985063137165e-01
9.753182330500498320e-01
1.210924022470842187e+00
1.052242153293101667e+00
1.074030649122506675e+00
7.969044377766545395e-01
1.050686691711148368e+00
9.878993166766926182e-01
1.118968508186905852e+00
1.014715828785738738e+00
8.912116678120709512e-01
9.404557533343356202e-01
9.058751510651890104e-01
9.615246059727703409e-01
9.841860439165994734e-01
1.167776800255877712e+00
1.044528054780130333e+00
9.447184814858188284e-01
8.317236699197798622e-01
1.355150075643932750e+00
1.050390078254335169e+00
9.771830861966291915e-01
8.894461421600063922e-01
1.006446528153148945e+00
8.664748028187856388e-01
8.024179454372178943e-01
1.099451945092286609e+00
1.049251781233405678e+00
1.199372529013686517e+00
8.843268572125959626e-01
8.989024737288483502e-01
1.089277117534530825e+00
1.130594435860460489e+00
1.081841221785915907e+00
8.462958786346246320e-01
1.035173111416475278e+00
1.031159919554253346e+00
1.088266909225158674e+00
1.094598344236925369e+00
1.077560903641392676e+00
9.289027385467124587e-01
8.339038599945360897e-01
9.419913581089565113e-01
1.015915656401010114e+00
7.560449997856829585e-01
1.106999048056800827e+00
-2.737626700418028247e-01
1.333911737211268267e-01
6.431406154244532214e-01
7.307169671998642313e-01
-5.329762704434344300e-01
4.484904540129972084e+00
-4.531269496276936204e-01
1.636283175366477716e+00
8.496752631805805367e-02
3.154107880923359697e-01
5.486449892502621717e-01
1.147285077758575467e+00
3.676084861784718605e+00
4.376125295827553607e+00
1.848102624332166877e-01
2.335877179486172572e+00
-1.266524381403962174e+00
1.735093278374478132e+00
-1.101263537522917835e+00
-7.858361260306083451e-02
1.615307147722400583e+00
3.798783744259237594e+00
5.197562236615559383e-01
2.344752373914555932e+00
8.499569023288670033e-01
-3.813366157198008061e-02
5.963077559071533473e-01
-7.493360070110793858e-02
3.228816883414379557e+00
1.876407898757093351e+00
-5.505061566674981366e-01
3.249015195712805948e+00
-4.068512183494990553e-01
9.651411132887142141e-01
1.576208645620211346e+00
5.182813913277060092e-01
1.139300818867130305e+00
9.492183525292765545e-01
8.520653516159544250e-01
2.205727045419166643e+00
-1.013536272172189445e+00
-3.740613834252037417e+00
-2.295091076449240763e-01
-2.207279189006092324e+00
1.032616874979388200e-01
-2.888524421612923110e+00
-6.740744127715224687e-01
6.048956333735922897e+00
2.546639544192867977e+00
7.264264613550935890e-01
9.089186742272742370e-01
2.907828404470425454e+00
5.166909326657532553e+00
1.423614582807777529e+00
1.299686336849756874e+00
4.069551777389700753e+00
-1.295413602944168741e+00
2.955383111588875789e+00
-8.673962961239190861e+00
2.466444245676692848e+00
-5.997297074895557856e+00
2.265514906162861664e+00
7.730510955723989275e-01
-2.868842460531284999e+00
2.571877988357643030e+00
2.763615003281392646e+00
-3.798812380482183837e+00
-2.540398691324631475e+00
-3.011274822641480053e+00
3.414903997418381909e+00
-6.610762608313863531e+00
7.941980716748530122e-01
6.253039489934037576e+00
2.785134513039591919e+00
1.191681589042209888e+00
4.206114217828732293e+00
4.358320596747986109e+00
3.732889043452932931e+00
2.330920686853254598e+00
3.715412956074033435e+00
1.399627512830930565e+00
1.210450742033292837e+00
1.371371516933985735e+00
4.306138654302361424e+00
3.514800389454532770e+00
1.033000074047803984e+01
4.412933315249579103e+00
2.751724061451134684e+00
3.160541242731028100e-01
-1.507484153046965147e+01
-1.251345675218840015e+01
-3.210307309695155986e+00
-4.878838902098916464e+00
2.206067738890819641e+00
5.456137761797695163e+00
3.638878442840375538e+00
-4.342216544198673756e-01
-1.779138227924316473e-01
2.105016290340342877e+00
5.046690288319959361e-01
3.391161511596876288e-01
8.810999701393071870e-01
5.951964524525362732e-01
1.418803014337867818e+00
9.084600821975656881e-01
1.166550072252048542e+00
9.694583819515874001e-01
1.108052972237601574e+00
1.277708212682140854e+00
1.423388810288644724e+00
9.124988687711617086e-01
1.167034258131920410e+00
8.014631285867045429e-01
1.320172930026594971e+00
8.296523510072311147e-01
1.227496546786483567e+00
8.091520836655965443e-01
8.694315620931464261e-01
8.815119023442434809e-01
7.910965768475001214e-01
1.154981654654089418e+00
9.502872993172859495e-01
6.934765010489544190e-01
9.560696487256118425e-01
8.303289849144437351e-01
9.806846570051519496e-01
9.160702095593323824e-01
1.092890388219723397e+00
8.105838273726279075e-01
9.532381239344541735e-01
1.163279376570954815e+00
8.472449598220165301e-01
1.062026937291773665e+00
1.152758846725526531e+00
1.023874088330982479e+00
9.713427169251086513e-01
7.621970870339006554e-01
8.994101267615146611e-01
8.434889616631104925e-01
1.001472778081889281e+00
9.761425727868938695e-01
1.102497255536166731e+00
9.445575410371952474e-01
1.136989126356213076e+00
1.127330733463269841e+00
1.000972271505022659e+00
9.011632202182127127e-01
9.491041054433606572e-01
1.117440379082190294e+00
9.974547820657896358e-01
9.077794332954572942e-01
1.083380825121518676e+00
1.011084452503424824e+00
9.828352164233007393e-01
7.773417533736050045e-01
1.125367931000205601e+00
9.181023013987764658e-01
1.028859604559152707e+00
1.501713532931968187e+00
1.094869221697667871e+00
1.261664246477588236e+00
9.325905903078609560e-01
9.815422384291500046e-01
9.684916229616337136e-01
1.062034752187534403e+00
9.482886856448244917e-01
9.473425360901255310e-01
1.094006490520609720e+00
9.003989157804267451e-01
1.047583812134192938e+00
9.357389793762946884e-01
1.046669960244877684e+00
1.171699698814947954e+00
9.390194467188127669e-01
1.145453028563438114e+00
1.032235779969054690e+00
1.157520340381790191e+00
1.066336373805514937e+00
1.116822344547860890e+00
1.024876628443247117e+00
9.225528763832681056e-01
1.164584305969088573e+00
6.940479642931459692e-01
1.102286876412164940e+00
9.977237078516505431e-01
1.062188320609843251e+00
9.723269563934102688e-01
1.002081969949295770e+00
1.031630864606804643e+00
9.081416906911322640e-01
1.015706312379643261e+00
9.373771355617862566e-01
1.300515511372269284e+00
1.042152972708945358e+00
1.209418711783767586e+00
9.981248747817061950e-01
