0.000000000000000000e+00
0.000000000000000000e+00
2.834321723654652487e+02
5.893218924561589347e+02
2.401777848581792796e+02
3.272078922817109401e+02
8.999410164212355312e+01
1.483153920651114674e+02
6.481779604766629177e+01
4.914624201769414924e+01
5.036797095523140655e+01
5.126095669354706530e+01
3.477610855331219852e+01
2.505370522536394517e+01
2.769318130262938382e+01
2.948770909640269977e+01
1.709483311096379055e+01
2.378395117067164932e+01
1.322389417228215436e+01
1.609596724225081488e+01
1.071006695662092767e+01
9.603432827745383094e+00
8.700629564833290530e+00
8.795617172861453170e+00
9.615563051542775241e+00
7.958407686065140929e+00
7.962877981972158459e+00
8.168682266060985242e+00
9.463923651439342777e+00
7.891738174540917861e+00
6.526099759765419783e+00
7.080835547128470076e+00
9.064945513463829485e+00
6.241396720045265134e+00
6.101397921496098498e+00
4.792088673400446197e+00
5.617759411599574371e+00
6.657240043614795155e+00
5.641125802450769555e+00
5.392485107994392735e+00
7.668904441034511521e+00
4.669620733428051729e+00
4.774339777610886237e+00
4.886157009562655418e+00
4.180942489088629976e+00
3.083202861414669371e+00
3.454956354708304200e+00
5.032662078543801876e+00
3.008543972834809122e+00
4.472422113188690318e+00
3.952000824716955574e+00
2.894656344641661772e+00
3.868385744224744460e+00
2.615624999063452361e+00
2.778071104891733700e+00
3.269919412225716915e+00
3.882222337283085078e+00
3.301550237919436359e+00
3.328933775577846532e+00
2.444426037854936951e+00
3.125092135494603518e+00
2.904245138888316813e+00
3.205610594215398734e+00
2.949364530423001618e+00
2.510317162203620001e+00
2.386954541812996045e+00
2.286795972558871792e+00
2.450231560964425626e+00
2.407230019756443351e+00
2.850404290152849907e+00
2.492847229180722657e+00
2.232388315075385155e+00
1.973523073679832152e+00
3.121454541969560292e+00
2.464118191471580399e+00
2.257782945302860167e+00
2.010873422215971207e+00
2.262069651524817981e+00
1.925566467104116164e+00
1.746322412591832185e+00
2.345064344816920165e+00
2.207781502275944163e+00
2.548749739787480095e+00
1.813434162735270361e+00
1.825420587272674533e+00
2.162939780223836372e+00
2.239034501133803534e+00
2.106312653065882223e+00
1.642419173828237433e+00
2.007890191511386035e+00
1.973418352346968607e+00
2.062425539282287001e+00
2.007374725968650520e+00
2.031516957137299517e+00
1.711420040173768475e+00
1.556321431894380547e+00
1.734684279892595882e+00
1.832090360133347806e+00
1.356921420731455052e+00
1.921842289421680672e+00
1.816171271663205022e+00
1.776241731954572689e+00
1.858403560937601728e+00
1.656786150463808838e+00
1.969911705273079239e+00
1.427620399357732772e+00
1.679616730891209997e+00
1.647512815955784360e+00
1.997823569447314984e+00
1.646599719211283119e+00
1.761968742188182224e+00
1.434852562630146044e+00
1.582224672850320424e+00
1.350322823391518323e+00
1.216717448602331109e+00
1.612130701426634616e+00
1.698950762693494765e+00
2.002261741364619319e+00
1.694588372248486463e+00
1.567008674972165894e+00
1.291632756701774909e+00
1.919057330324390076e+00
1.476133886014977747e+00
1.534053268380558110e+00
1.290922571791520701e+00
1.489520543499229799e+00
1.459922410376780499e+00
1.535105949985879237e+00
1.402913253409235228e+00
1.352288395522679654e+00
1.518969528348675491e+00
1.323152351247798508e+00
1.268896744405791033e+00
1.403847437158890932e+00
1.315695211587554425e+00
1.370463729789220819e+00
1.565086092527264938e+00
1.395559025565112243e+00
1.329360428562717189e+00
1.382283064010211948e+00
1.333214620278414975e+00
1.371704358657297895e+00
1.359747954715306406e+00
1.394499013109483876e+00
1.203885275193614879e+00
1.543967883457870283e+00
1.290566146046727258e+00
1.260846842719998584e+00
1.176886786557943543e+00
1.202655826955723262e+00
1.405019565980960783e+00
1.224022248575063365e+00
1.224450513085945991e+00
1.380716524092127306e+00
1.139896003417779857e+00
1.274334930598979954e+00
1.148900435179698309e+00
1.243455133217539865e+00
1.295663706979124807e+00
1.254169558290949116e+00
1.224751814679614581e+00
1.129063859788855151e+00
1.076867053405843322e+00
1.122085011620872042e+00
1.254633218959126273e+00
1.154627707906281886e+00
1.171802670418258474e+00
1.142264104343621023e+00
1.187349786324725320e+00
1.078757360893479733e+00
1.074197865218246672e+00
1.082758327942161536e+00
1.205096469336072174e+00
1.147531461314845069e+00
1.068362111992533947e+00
1.100995405935632609e+00
1.110538172280845615e+00
1.043483109765704686e+00
1.042476680259259103e+00
1.250799487692944911e+00
1.032699697702521568e+00
8.651140840253417341e-01
9.670720958507934562e-01
9.628450584903645026e-01
9.852669445102023582e-01
1.095296494818873478e+00
1.000069650088459383e+00
9.571878673927035619e-01
1.048836825033329534e+00
1.131079449804304193e+00
9.710113650850095146e-01
1.019562684438527045e+00
1.011147373710316488e+00
9.688468334325834874e-01
9.501960481192199826e-01
8.247232200279013270e-01
9.079089068627261838e-01
9.508975621595547878e-01
9.402567012875836516e-01
8.780516515113312437e-01
